000000000000000000000000
111111111101000000000101
000000000000000000000000
111111111101000000000101
000000000000000000000000
111111111101000000000101
000000000000000000000000
111111111101000000000101
000000000000000000000000
111111111110000000000101
000000000000000000000000
111111111101000000000101
000000000000000000000000
111111111101000000000101
000000000000000000000000
111111111101000000000101
000000000000000000000000
111111111101000000000101
000000000000000000000000
111111111101000000000101
000000000000000000000000
111111111110000000000101
000000000000000000000000
111111111101000000000101
000000000000000000000000
111111111110000000000101
000000000000000000000000
111111111110000000000101
000000000000000000000000
111111111110000000000101
000000000000000000000000
111111111110000000000101
000000000000000000000000
111111111110000000000101
000000000000000000000000
111111111101000000000101
000000000000000000000000
111111111110000000000101
000000000000000000000000
111111111110000000000101
000000000000000000000000
111111111110000000000101
000000000000000000000000
111111111110000000000101
000000000000000000000000
111111111110000000000101
000000000000000000000000
111111111110000000000101
000000000000000000000000
111111111110000000000101
000000000000000000000000
111111111110000000000101
000000000000000000000000
111111111110000000000101
000000000000000000000000
111111111110000000000101
000000000000000000000000
111111111110000000000101
000000000000000000000000
111111111110000000000101
000000000000000000000000
111111111110000000000101
000000000000000000000000
111111111110000000000101
000000000000000000000000
111111111110000000000101
000000000000000000000000
111111111110000000000101
000000000000000000000000
111111111110000000000101
000000000000000000000000
111111111110000000000101
000000000000000000000000
111111111110000000000101
000000000000000000000000
111111111110000000000101
000000000000000000000000
111111111110000000000101
000000000000000000000000
111111111110000000000101
000000000000000000000000
111111111110000000000101
000000000000000000000000
111111111110000000000101
000000000000000000000000
111111111110000000000101
000000000000000000000000
111111111110000000000101
000000000000000000000000
111111111110000000000101
000000000000000000000000
111111111110000000000101
000000000000000000000000
111111111110000000000101
000000000000000000000000
111111111110000000000101
000000000000000000000000
111111111110000000000101
000000000000000000000000
111111111110000000000101
000000000000000000000000
111111111110000000000101
000000000000000000000000
111111111110000000000101
000000000000000000000000
111111111110000000000101
000000000000000000000000
111111111110000000000101
000000000000000000000000
111111111110000000000101
000000000000000000000000
111111111110000000000101
000000000000000000000000
111111111110000000000101
000000000000000000000000
111111111110000000000101
000000000000000000000000
111111111110000000000101
000000000000000000000000
111111111110000000000101
000000000000000000000000
111111111110000000000101
000000000000000000000000
111111111110000000000101
000000000000000000000000
111111111110000000000101
000000000000000000000000
111111111110000000000101
000000000000000000000000
111111111110000000000101
000000000000000000000000
111111111110000000000101
000000000000000000000000
111111111110000000000101
000000000000000000000000
111111111110000000000101
000000000000000000000000
111111111110000000000101
000000000000000000000000
111111111110000000000101
000000000000000000000000
111111111110000000000101
000000000000000000000000
111111111110000000000101
000000000000000000000000
111111111110000000000101
000000000000000000000000
111111111110000000000110
000000000000000000000000
111111111110000000000110
000000000000000000000000
111111111110000000000101
000000000000000000000000
111111111111000000000101
000000000000000000000000
111111111110000000000101
000000000000000000000000
111111111110000000000101
000000000000000000000000
111111111111000000000101
000000000000000000000000
111111111110000000000110
000000000000000000000000
111111111110000000000110
000000000000000000000000
111111111111000000000110
000000000000000000000000
111111111111000000000101
000000000000000000000000
111111111111000000000101
000000000000000000000000
111111111111000000000110
000000000000000000000000
111111111111000000000110
000000000000000000000000
111111111111000000000101
000000000000000000000000
111111111111000000000110
000000000000000000000000
111111111111000000000110
000000000000000000000000
111111111111000000000110
000000000000000000000000
111111111111000000000110
000000000000000000000000
111111111111000000000110
000000000000000000000000
111111111111000000000110
000000000000000000000000
111111111111000000000110
000000000000000000000000
111111111111000000000110
000000000000000000000000
111111111111000000000110
000000000000000000000000
111111111111000000000110
000000000000000000000000
111111111111000000000110
000000000000000000000000
111111111111000000000110
000000000000000000000000
111111111111000000000110
000000000000000000000000
111111111111000000000110
000000000000000000000000
111111111111000000000110
000000000000000000000000
111111111111000000000110
000000000000000000000000
111111111111000000000110
000000000000000000000000
111111111111000000000110
000000000000000000000000
111111111111000000000110
000000000000000000000000
111111111111000000000110
000000000000000000000000
111111111111000000000110
000000000000000000000000
111111111111000000000110
000000000000000000000000
111111111111000000000110
000000000000000000000000
111111111111000000000110
000000000000000000000000
111111111111000000000110
000000000000000000000000
111111111111000000000110
000000000000000000000000
111111111111000000000110
000000000000000000000000
111111111111000000000110
000000000000000000000000
111111111111000000000110
000000000000000000000000
111111111111000000000110
000000000000000000000000
111111111111000000000110
000000000000000000000000
111111111111000000000110
000000000000000000000000
111111111111000000000110
000000000000000000000000
111111111111000000000110
000000000000000000000000
111111111111000000000110
000000000000000000000000
111111111111000000000110
000000000000000000000000
111111111111000000000110
000000000000000000000000
111111111111000000000110
000000000000000000000000
111111111111000000000110
000000000000000000000000
111111111111000000000110
000000000000000000000000
111111111111000000000110
000000000000000000000000
111111111111000000000110
000000000000000000000000
111111111111000000000110
000000000000000000000000
111111111111000000000110
000000000000000000000000
111111111111000000000110
000000000000000000000000
111111111111000000000110
000000000000000000000000
111111111111000000000110
000000000000000000000000
111111111111000000000110
000000000000000000000000
111111111111000000000110
000000000000000000000000
111111111111000000000110
000000000000000000000000
111111111111000000000110
000000000000000000000000
000000000000000000000110
000000000000000000000000
111111111111000000000110
000000000000000000000000
000000000000000000000110
000000000000000000000000
000000000000000000000110
000000000000000000000000
000000000000000000000110
000000000000000000000000
000000000000000000000110
000000000000000000000000
000000000000000000000110
000000000000000000000000
000000000000000000000110
000000000000000000000000
000000000000000000000110
000000000000000000000000
000000000000000000000110
000000000000000000000000
000000000000000000000110
000000000000000000000000
000000000000000000000110
000000000000000000000000
000000000000000000000110
000000000000000000000000
000000000000000000000110
000000000000000000000000
000000000000000000000110
000000000000000000000000
000000000000000000000110
000000000000000000000000
000000000000000000000110
000000000000000000000000
000000000000000000000110
000000000000000000000000
000000000000000000000110
000000000000000000000000
000000000000000000000110
000000000000000000000000
000000000000000000000110
000000000000000000000000
000000000000000000000110
000000000000000000000000
000000000000000000000110
000000000000000000000000
000000000000000000000110
000000000000000000000000
000000000000000000000110
000000000000000000000000
000000000000000000000110
000000000000000000000000
000000000000000000000110
000000000000000000000000
000000000000000000000110
000000000000000000000000
000000000000000000000110
000000000000000000000000
000000000000000000000110
000000000000000000000000
000000000000000000000110
000000000000000000000000
000000000000000000000110
000000000000000000000000
000000000000000000000110
000000000000000000000000
000000000000000000000111
000000000000000000000000
000000000000000000000110
000000000000000000000000
000000000000000000000111
000000000000000000000000
000000000000000000000110
000000000000000000000000
000000000000000000000111
000000000000000000000000
000000000000000000000110
000000000000000000000000
000000000000000000000111
000000000000000000000000
000000000000000000000111
000000000000000000000000
000000000000000000000111
000000000000000000000000
000000000000000000000111
000000000000000000000000
000000000000000000000111
000000000000000000000000
000000000000000000000111
000000000000000000000000
000000000000000000000111
000000000000000000000000
000000000001000000000111
000000000000000000000000
000000000000000000000111
000000000000000000000000
000000000000000000000110
000000000000000000000000
000000000000000000000111
000000000000000000000000
000000000001000000000111
000000000000000000000000
000000000001000000000111
000000000000000000000000
000000000001000000000111
000000000000000000000000
000000000001000000000111
000000000000000000000000
000000000001000000000111
000000000000000000000000
000000000000000000000111
000000000000000000000000
000000000000000000000111
000000000000000000000000
000000000001000000000111
000000000000000000000000
000000000001000000000111
000000000000000000000000
000000000001000000000111
000000000000000000000000
000000000001000000000111
000000000000000000000000
000000000001000000000111
000000000000000000000000
000000000001000000000111
000000000000000000000000
000000000001000000000111
000000000000000000000000
000000000001000000000111
000000000000000000000000
000000000001000000000111
000000000000000000000000
000000000001000000000111
000000000000000000000000
000000000001000000000111
000000000000000000000000
000000000001000000000111
000000000000000000000000
000000000001000000000111
000000000000000000000000
000000000001000000000111
000000000000000000000000
000000000001000000000111
000000000000000000000000
000000000001000000000111
000000000000000000000000
000000000001000000000111
000000000000000000000000
000000000001000000000111
000000000000000000000000
000000000001000000000111
000000000000000000000000
000000000001000000000111
000000000000000000000000
000000000001000000000111
000000000000000000000000
000000000001000000000111
000000000000000000000000
000000000001000000000111
000000000000000000000000
000000000001000000000111
000000000000000000000000
000000000001000000000111
000000000000000000000000
000000000001000000000111
000000000000000000000000
000000000001000000000111
000000000000000000000000
000000000001000000000111
000000000000000000000000
000000000001000000000111
000000000000000000000000
000000000001000000000111
000000000000000000000000
000000000001000000000111
000000000000000000000000
000000000010000000000111
000000000000000000000000
000000000010000000000111
000000000000000000000000
000000000001000000000111
000000000000000000000000
000000000010000000000111
000000000000000000000000
000000000001000000000111
000000000000000000000000
000000000010000000000111
000000000000000000000000
000000000010000000000111
000000000000000000000000
000000000010000000000111
000000000000000000000000
000000000010000000000111
000000000000000000000000
000000000010000000000111
000000000000000000000000
000000000010000000000111
000000000000000000000000
000000000010000000000111
000000000000000000000000
000000000010000000000111
000000000000000000000000
000000000010000000000111
000000000000000000000000
000000000010000000000111
000000000000000000000000
000000000010000000000111
000000000000000000000000
000000000010000000000111
000000000000000000000000
000000000010000000001000
000000000000000000000000
000000000010000000001000
000000000000000000000000
000000000010000000000111
000000000000000000000000
000000000010000000000111
000000000000000000000000
000000000010000000001000
000000000000000000000000
000000000010000000001000
000000000000000000000000
000000000010000000001000
000000000000000000000000
000000000010000000000111
000000000000000000000000
000000000010000000001000
000000000000000000000000
000000000010000000001000
000000000000000000000000
000000000010000000000111
000000000000000000000000
000000000010000000001000
000000000000000000000000
000000000010000000001000
000000000000000000000000
000000000010000000001000
000000000000000000000000
000000000010000000001000
000000000000000000000000
000000000010000000001000
000000000000000000000000
000000000010000000001000
000000000000000000000000
000000000010000000001000
000000000000000000000000
000000000010000000001000
000000000000000000000000
000000000011000000001000
000000000000000000000000
000000000011000000001000
000000000000000000000000
000000000011000000001000
000000000000000000000000
000000000010000000001000
111111111111000000000000
000000000011000000000111
000000000000000000000000
000000000011000000001000
000000000000000000000000
000000000011000000001000
000000000000000000000000
000000000011000000001000
000000000000000000000000
000000000011000000001000
000000000000000000000000
000000000011000000001000
000000000000000000000000
000000000011000000001000
000000000000000000000000
000000000011000000001000
000000000000000000000000
000000000011000000001000
000000000000000000000000
000000000011000000001000
000000000000000000000000
000000000011000000001000
000000000000000000000000
000000000011000000001000
000000000000000000000000
000000000011000000001000
000000000000000000000000
000000000011000000001000
000000000000000000000000
000000000011000000001000
000000000000000000000000
000000000011000000001000
000000000000000000000000
000000000011000000001000
000000000000000000000000
000000000011000000001000
000000000000000000000000
000000000011000000001000
000000000000000000000000
000000000011000000001000
000000000000000000000000
000000000011000000001000
000000000000000000000000
000000000011000000001000
000000000000000000000000
000000000011000000001000
000000000000000000000000
000000000011000000001000
000000000000000000000000
000000000100000000001000
000000000000000000000000
000000000100000000001000
000000000000000000000000
000000000100000000001001
000000000000000000000000
000000000100000000001001
000000000000000000000000
000000000100000000001000
000000000000000000000000
000000000100000000001000
000000000000000000000000
000000000100000000001000
000000000000000000000000
000000000100000000001001
000000000000000000000000
000000000100000000001000
000000000000000000000000
000000000100000000001000
000000000000000000000000
000000000100000000001001
000000000000000000000000
000000000100000000001001
000000000000000000000000
000000000100000000001001
000000000000000000000000
000000000100000000001001
000000000000000000000000
000000000100000000001001
000000000000000000000000
000000000100000000001001
000000000000000000000000
000000000100000000001001
000000000000000000000000
000000000100000000001001
000000000000000000000000
000000000100000000001001
000000000000000000000000
000000000100000000001001
000000000000000000000000
000000000101000000001001
000000000000000000000000
000000000101000000001001
000000000000000000000000
000000000100000000001001
000000000000000000000000
000000000101000000001001
000000000000000000000000
000000000101000000001001
000000000000000000000000
000000000101000000001001
000000000000000000000000
000000000101000000001001
000000000000000000000000
000000000101000000001001
000000000000000000000000
000000000101000000001001
000000000000000000000000
000000000101000000001001
000000000000000000000000
000000000101000000001001
000000000000000000000000
000000000101000000001001
000000000000000000000000
000000000101000000001001
000000000000000000000000
000000000101000000001001
000000000000000000000000
000000000101000000001001
000000000000000000000000
000000000101000000001001
000000000000000000000000
000000000101000000001001
000000000000000000000000
000000000101000000001001
000000000000000000000000
000000000101000000001001
000000000000000000000000
000000000101000000001001
000000000000000000000000
000000000110000000001001
000000000000000000000000
000000000110000000001010
000000000000000000000000
000000000110000000001001
000000000000000000000000
000000000110000000001001
000000000000000000000000
000000000110000000001001
000000000000000000000000
000000000110000000001010
000000000000000000000000
000000000110000000001001
000000000000000000000000
000000000110000000001010
000000000000000000000000
000000000110000000001010
000000000000000000000000
000000000110000000001010
000000000000000000000000
000000000110000000001010
000000000000000000000000
000000000110000000001010
000000000000000000000000
000000000110000000001010
000000000000000000000000
000000000110000000001010
000000000000000000000000
000000000110000000001010
000000000000000000000000
000000000111000000001010
000000000000000000000000
000000000110000000001010
000000000000000000000000
000000000111000000001010
000000000000000000000000
000000000111000000001010
000000000000000000000000
000000000111000000001010
000000000000000000000000
000000000111000000001010
000000000000000000000000
000000000111000000001010
000000000000000000000000
000000000111000000001010
000000000000000000000000
000000000111000000001010
000000000000000000000000
000000000111000000001010
000000000000000000000000
000000000111000000001010
000000000000000000000000
000000000111000000001010
000000000000000000000000
000000000111000000001010
000000000000000000000000
000000000111000000001010
000000000000000000000000
000000001000000000001010
000000000000000000000000
000000001000000000001011
000000000000000000000000
000000001000000000001011
000000000000000000000000
000000001000000000001010
000000000000000000000000
000000001000000000001010
000000000000000000000000
000000001000000000001011
000000000000000000000000
000000001000000000001011
000000000000000000000000
000000001000000000001011
000000000000000000000000
000000001000000000001011
000000000000000000000000
000000001000000000001011
000000000000000000000000
000000001001000000001011
000000000000000000000000
000000001001000000001011
000000000000000000000000
000000001001000000001011
000000000000000000000000
000000001001000000001011
000000000000000000000000
000000001001000000001011
000000000000000000000000
000000001001000000001011
000000000000000000000000
000000001001000000001011
000000000000000000000000
000000001001000000001011
000000000000000000000000
000000001001000000001011
000000000000000000000000
000000001001000000001011
000000000000000000000000
000000001001000000001011
000000000000000000000000
000000001010000000001011
000000000000000000000000
000000001010000000001011
000000000000000000000000
000000001010000000001011
000000000000000000000000
000000001010000000001100
000000000000000000000000
000000001010000000001100
000000000000000000000000
000000001010000000001100
000000000000000000000000
000000001011000000001100
000000000000000000000000
000000001011000000001100
000000000000000000000000
000000001011000000001100
000000000000000000000000
000000001011000000001100
000000000000000000000000
000000001011000000001100
000000000000000000000000
000000001011000000001100
000000000000000000000000
000000001011000000001100
000000000000000000000000
000000001011000000001100
000000000000000000000000
000000001011000000001100
000000000000000000000000
000000001100000000001100
000000000000000000000000
000000001100000000001100
000000000000000000000000
000000001100000000001100
000000000000000000000000
000000001100000000001101
000000000000000000000000
000000001100000000001100
000000000000000000000000
000000001100000000001101
000000000000000000000000
000000001100000000001101
000000000000000000000000
000000001101000000001101
000000000000000000000000
000000001101000000001101
000000000000000000000000
000000001101000000001101
000000000000000000000000
000000001101000000001101
000000000000000000000000
000000001101000000001101
000000000000000000000000
000000001110000000001101
000000000000000000000000
000000001110000000001101
000000000000000000000000
000000001110000000001101
000000000000000000000000
000000001110000000001101
000000000000000000000000
000000001110000000001101
000000000000000000000000
000000001111000000001110
000000000000000000000000
000000001111000000001110
000000000000000000000000
000000001111000000001110
000000000000000000000000
000000001111000000001110
000000000000000000000000
000000001111000000001110
000000000000000000000000
000000001111000000001110
000000000000000000000000
000000010000000000001110
000000000000000000000000
000000010000000000001110
000000000000000000000000
000000010000000000001110
000000000000000000000000
000000010001000000001110
000000000000000000000000
000000010001000000001110
000000000000000000000000
000000010001000000001111
000000000000000000000000
000000010001000000001111
000000000000000000000000
000000010010000000001111
000000000000000000000000
000000010010000000001111
000000000000000000000000
000000010010000000001111
000000000000000000000000
000000010011000000001111
000000000000000000000000
000000010011000000001111
000000000000000000000000
000000010011000000001111
000000000000000000000000
000000010100000000010000
000000000000000000000000
000000010100000000010000
000000000000000000000000
000000010100000000010000
000000000000000000000000
000000010101000000010000
000000000000000000000000
000000010101000000010000
000000000000000000000000
000000010110000000010000
000000000000000000000000
000000010110000000010000
000000000000000000000000
000000010110000000010000
000000000000000000000000
000000010111000000010001
000000000000000000000000
000000010111000000010001
000000000000000000000000
000000010111000000010001
000000000000000000000000
000000011000000000010001
000000000000000000000000
000000011000000000010001
000000000000000000000000
000000011001000000010001
000000000000000000000000
000000011001000000010010
000000000000000000000000
000000011010000000010010
000000000000000000000000
000000011011000000010010
000000000000000000000000
000000011011000000010010
000000000000000000000000
000000011100000000010010
000000000000000000000000
000000011100000000010010
000000000000000000000000
000000011101000000010011
000000000000000000000000
000000011101000000010011
000000000000000000000000
000000011110000000010011
000000000000000000000000
000000011111000000010011
000000000000000000000000
000000100000000000010100
000000000000000000000000
000000100000000000010100
000000000000000000000000
000000100001000000010100
000000000000000000000000
000000100010000000010100
000000000000000000000000
000000100011000000010100
000000000000000000000000
000000100100000000010101
000000000000000000000000
000000100101000000010101
000000000000000000000000
000000100110000000010101
000000000000000000000000
000000100111000000010101
000000000000000000000000
000000101000000000010101
000000000000000000000000
000000101001000000010110
000000000000000000000000
000000101011000000010110
000000000000000000000000
000000101100000000010110
000000000000000000000000
000000101101000000010111
000000000000000000000000
000000101111000000010111
000000000000000000000000
000000110001000000010111
000000000000000000000000
000000110010000000011000
000000000000000000000000
000000110100000000011000
000000000000000000000000
000000110110000000011000
000000000000000000000000
000000111000000000011000
000000000000000000000000
000000111010000000011000
000000000000000000000000
000000111101000000011001
000000000000000000000000
000001000000000000011001
000000000000000000000000
000001000010000000011001
000000000000000000000000
000001000110000000011001
000000000000000000000000
000001001001000000011001
000000000000000000000000
000001001100000000011001
000000000000000000000000
000001010001000000011001
000000000000000000000000
000001010101000000011001
000000000000000000000000
000001011010000000011000
000000000000000000000000
000001100000000000010111
000000000000000000000000
000001100110000000010110
000000000000000000000000
000001101101000000010100
000000000000000000000000
000001110110000000010010
000000000000000000000000
000001111111000000001110
000000000000000000000000
000010001010000000001001
000000000000000000000000
000010010111000000000000
000000000000000000000000
000010100101111111110100
000000000000000000000000
000010110110111111011101
000000000000000000000000
000011000101111110110011
000000000000000000000000
000011000010111101001111
000000000000000000000000
111110110111110101110110
001111011111110000100001
011011010010000100000110
001111011111001111011111
001001001001010111000100
110000100001001111011111
000001001111110110000101
001111011111001111011111
110000110010010100011011
110000100001110000100001
010101100101110101011001
001111011111001111011111
000110000000010100101100
110000100001001111011110
000000110111110110100101
001111011111001111011111
111100101110010111110000
110000100001001111011111
110111011101000100101010
110000100001001111011111
100111100110110010001000
001111011111110000100001
001011101111010101110010
110000100001001111011111
111001011110000101000101
110000100001001111011111
100110001110111110000101
110000100001110000100001
000011010100110010101010
000000000000000000000000
000101101100111111111010
110000100001001111011111
110110001000100110100110
001111011111001111011111
100000100110111011001110
001111011111110000100001
110100010010000110000011
001111011111110000100001
111100001111011011100010
110000100001110000100001
000100000010001000010010
110000100001110000100001
010111001000000000111110
110000100001001111011111
000000000101111010001011
110000100010001111011111
101001011101101001010100
001111011111110000100001
111110101000001100100011
110000100001110000100001
010010111100111001001100
110000100010001111011111
110010101001100011111110
001111011111110000100001
010001111100111001000110
001111011111001111011111
111000010010001000010001
000000000000000000000000
111101101110000001011001
000000000000000000000000
111110100011000000001001
000000000000000000000000
111110110110111111101101
000000000000000000000000
111110111111111111100010
000000000000000000000000
111111000101111111011100
000000000000000000000000
111111001000111111011010
000000000000000000000000
111111001011111111011010
000000000000000000000000
111111001101111111011010
000000000000000000000000
111111001111111111011011
000000000000000000000000
111111010000111111011100
000000000000000000000000
111111010010111111011101
000000000000000000000000
111111010011111111011110
000000000000000000000000
111111010100111111011111
000000000000000000000000
111111010101111111100000
000000000000000000000000
111111010110111111100001
000000000000000000000000
111111010111111111100010
000000000000000000000000
111111011000111111100100
000000000000000000000000
111111011001111111100101
000000000000000000000000
111111011010111111100110
000000000000000000000000
111111011011111111100110
000000000000000000000000
111111011011111111100111
000000000000000000000000
111111011100111111101000
000000000000000000000000
111111011101111111101001
000000000000000000000000
111111011110111111101010
000000000000000000000000
111111011110111111101010
000000000000000000000000
111111011111111111101011
000000000000000000000000
111111011111111111101100
000000000000000000000000
111111100000111111101100
000000000000000000000000
111111100000111111101101
000000000000000000000000
111111100001111111101110
000000000000000000000000
111111100001111111101110
000000000000000000000000
111111100010111111101111
000000000000000000000000
111111100010111111101111
000000000000000000000000
111111100011111111101111
000000000000000000000000
111111100011111111110000
000000000000000000000000
111111100100111111110000
000000000000000000000000
111111100100111111110001
000000000000000000000000
111111100100111111110001
000000000000000000000000
111111100101111111110010
000000000000000000000000
111111100101111111110010
000000000000000000000000
111111100101111111110011
000000000000000000000000
111111100110111111110011
000000000000000000000000
111111100110111111110011
000000000000000000000000
111111100111111111110011
000000000000000000000000
111111100111111111110100
000000000000000000000000
111111100111111111110100
000000000000000000000000
111111101000111111110100
000000000000000000000000
111111101000111111110101
000000000000000000000000
111111101000111111110101
000000000000000000000000
111111101000111111110101
000000000000000000000000
111111101001111111110101
000000000000000000000000
111111101001111111110110
000000000000000000000000
111111101010111111110110
000000000000000000000000
111111101001111111110110
000000000000000000000000
111111101010111111110110
000000000000000000000000
111111101010111111110111
000000000000000000000000
111111101010111111110111
000000000000000000000000
111111101010111111110111
000000000000000000000000
111111101011111111110111
000000000000000000000000
111111101011111111110111
000000000000000000000000
111111101011111111111000
000000000000000000000000
111111101011111111111000
000000000000000000000000
111111101100111111111000
000000000000000000000000
111111101100111111111000
000000000000000000000000
111111101100111111111000
000000000000000000000000
111111101100111111111001
000000000000000000000000
111111101100111111111001
000000000000000000000000
111111101101111111111001
000000000000000000000000
111111101101111111111001
000000000000000000000000
111111101101111111111001
000000000000000000000000
111111101101111111111001
000000000000000000000000
111111101101111111111010
000000000000000000000000
111111101101111111111010
000000000000000000000000
111111101110111111111010
000000000000000000000000
111111101110111111111010
000000000000000000000000
111111101110111111111010
000000000000000000000000
111111101110111111111010
000000000000000000000000
111111101110111111111010
000000000000000000000000
111111101110111111111010
000000000000000000000000
111111101111111111111011
000000000000000000000000
111111101111111111111011
000000000000000000000000
111111101111111111111011
000000000000000000000000
111111101111111111111011
000000000000000000000000
111111101111111111111011
000000000000000000000000
111111101111111111111011
000000000000000000000000
111111101111111111111011
000000000000000000000000
111111110000111111111011
000000000000000000000000
111111110000111111111011
000000000000000000000000
111111110000111111111100
000000000000000000000000
111111110000111111111100
000000000000000000000000
111111110000111111111100
000000000000000000000000
111111110000111111111100
000000000000000000000000
111111110000111111111100
000000000000000000000000
111111110000111111111100
000000000000000000000000
111111110001111111111100
000000000000000000000000
111111110001111111111100
000000000000000000000000
111111110001111111111100
000000000000000000000000
111111110001111111111100
000000000000000000000000
111111110001111111111100
000000000000000000000000
111111110001111111111101
000000000000000000000000
111111110001111111111101
000000000000000000000000
111111110001111111111101
000000000000000000000000
111111110001111111111101
000000000000000000000000
111111110001111111111101
000000000000000000000000
111111110010111111111101
000000000000000000000000
111111110010111111111101
000000000000000000000000
111111110010111111111101
000000000000000000000000
111111110010111111111101
000000000000000000000000
111111110010111111111101
000000000000000000000000
111111110010111111111101
000000000000000000000000
111111110010111111111101
000000000000000000000000
111111110010111111111101
000000000000000000000000
111111110010111111111110
000000000000000000000000
111111110011111111111110
000000000000000000000000
111111110011111111111101
000000000000000000000000
111111110011111111111101
000000000000000000000000
111111110011111111111110
000000000000000000000000
111111110011111111111110
000000000000000000000000
111111110011111111111110
000000000000000000000000
111111110011111111111110
000000000000000000000000
111111110011111111111110
000000000000000000000000
111111110011111111111110
000000000000000000000000
111111110011111111111110
000000000000000000000000
111111110011111111111110
000000000000000000000000
111111110011111111111110
000000000000000000000000
111111110100111111111110
000000000000000000000000
111111110011111111111110
000000000000000000000000
111111110100111111111110
000000000000000000000000
111111110100111111111110
000000000000000000000000
111111110100111111111110
000000000000000000000000
111111110100111111111111
000000000000000000000000
111111110100111111111111
000000000000000000000000
111111110100111111111111
000000000000000000000000
111111110100111111111110
000000000000000000000000
111111110100111111111111
000000000000000000000000
111111110100111111111111
000000000000000000000000
111111110100111111111111
000000000000000000000000
111111110100111111111111
000000000000000000000000
111111110100111111111111
000000000000000000000000
111111110100111111111111
000000000000000000000000
111111110100111111111111
000000000000000000000000
111111110100111111111111
000000000000000000000000
111111110101111111111111
000000000000000000000000
111111110101111111111111
000000000000000000000000
111111110101111111111111
000000000000000000000000
111111110101111111111111
000000000000000000000000
111111110101111111111111
000000000000000000000000
111111110101111111111111
000000000000000000000000
111111110101111111111111
000000000000000000000000
111111110101111111111111
000000000000000000000000
111111110101111111111111
000000000000000000000000
111111110101111111111111
000000000000000000000000
111111110101000000000000
000000000000000000000000
111111110101000000000000
000000000000000000000000
111111110101000000000000
000000000000000000000000
111111110101000000000000
000000000000000000000000
111111110101000000000000
000000000000000000000000
111111110101000000000000
000000000000000000000000
111111110101000000000000
000000000000000000000000
111111110101000000000000
000000000000000000000000
111111110110000000000000
000000000000000000000000
111111110110000000000000
000000000000000000000000
111111110110000000000000
000000000000000000000000
111111110110000000000000
000000000000000000000000
111111110110000000000000
000000000000000000000000
111111110110000000000000
000000000000000000000000
111111110110000000000000
000000000000000000000000
111111110110000000000000
000000000000000000000000
111111110110000000000000
000000000000000000000000
111111110110000000000000
000000000000000000000000
111111110110000000000000
000000000000000000000000
111111110110000000000000
000000000000000000000000
111111110110000000000000
000000000000000000000000
111111110110000000000000
000000000000000000000000
111111110110000000000000
000000000000000000000000
111111110110000000000000
000000000000000000000000
111111110110000000000000
000000000000000000000000
111111110110000000000000
000000000000000000000000
111111110110000000000000
000000000000000000000000
111111110111000000000001
000000000000000000000000
111111110110000000000000
000000000000000000000000
111111110111000000000000
000000000000000000000000
111111110111000000000001
000000000000000000000000
111111110111000000000000
000000000000000000000000
111111110111000000000001
000000000000000000000000
111111110111000000000001
000000000000000000000000
111111110111000000000001
000000000000000000000000
111111110111000000000001
000000000000000000000000
111111110111000000000001
000000000000000000000000
111111110111000000000001
000000000000000000000000
111111110111000000000000
000000000000000000000000
111111110111000000000001
000000000000000000000000
111111110111000000000001
000000000000000000000000
111111110111000000000001
000000000000000000000000
111111110111000000000001
000000000000000000000000
111111110111000000000001
000000000000000000000000
111111110111000000000001
000000000000000000000000
111111110111000000000001
000000000000000000000000
111111110111000000000001
000000000000000000000000
111111110111000000000001
000000000000000000000000
111111110111000000000001
000000000000000000000000
111111110111000000000001
000000000000000000000000
111111110111000000000001
000000000000000000000000
111111110111000000000001
000000000000000000000000
111111110111000000000001
000000000000000000000000
111111110111000000000001
000000000000000000000000
111111110111000000000001
000000000000000000000000
111111110111000000000001
000000000000000000000000
111111111000000000000001
000000000000000000000000
111111111000000000000001
000000000000000000000000
111111110111000000000001
000000000000000000000000
111111111000000000000001
000000000000000000000000
111111111000000000000001
000000000000000000000000
111111111000000000000001
000000000000000000000000
111111111000000000000001
000000000000000000000000
111111111000000000000001
000000000000000000000000
111111111000000000000001
000000000000000000000000
111111111000000000000001
000000000000000000000000
111111111000000000000001
000000000000000000000000
111111111000000000000001
000000000000000000000000
111111111000000000000001
000000000000000000000000
111111111000000000000010
000000000000000000000000
111111111000000000000001
000000000000000000000000
111111111000000000000001
000000000000000000000000
111111111000000000000001
000000000000000000000000
111111111000000000000010
000000000000000000000000
111111111000000000000001
000000000000000000000000
111111111000000000000010
000000000000000000000000
111111111000000000000001
000000000000000000000000
111111111001000000000010
000000000000000000000000
111111111000000000000001
000000000000000000000000
111111111000000000000010
000000000000000000000000
111111111000000000000010
000000000000000000000000
111111111001000000000010
000000000000000000000000
111111111000000000000010
000000000000000000000000
111111111000000000000010
000000000000000000000000
111111111000000000000001
000000000000000000000000
111111111000000000000010
000000000000000000000000
111111111000000000000010
000000000000000000000000
111111111001000000000010
000000000000000000000000
111111111000000000000010
000000000000000000000000
111111111001000000000010
000000000000000000000000
111111111001000000000010
000000000000000000000000
111111111000000000000010
000000000000000000000000
111111111001000000000010
000000000000000000000000
111111111001000000000010
000000000000000000000000
111111111001000000000010
000000000000000000000000
111111111001000000000010
000000000000000000000000
111111111001000000000010
000000000000000000000000
111111111001000000000010
000000000000000000000000
111111111001000000000010
000000000000000000000000
111111111001000000000010
000000000000000000000000
111111111001000000000010
000000000000000000000000
111111111001000000000010
000000000000000000000000
111111111001000000000010
000000000000000000000000
111111111001000000000010
000000000000000000000000
111111111001000000000010
000000000000000000000000
111111111001000000000010
000000000000000000000000
111111111001000000000010
000000000000000000000000
111111111001000000000010
000000000000000000000000
111111111001000000000010
000000000000000000000000
111111111001000000000010
000000000000000000000000
111111111001000000000010
000000000000000000000000
111111111001000000000010
000000000000000000000000
111111111001000000000010
000000000000000000000000
111111111001000000000010
000000000000000000000000
111111111001000000000010
000000000000000000000000
111111111001000000000010
000000000000000000000000
111111111001000000000010
000000000000000000000000
111111111001000000000010
000000000000000000000000
111111111001000000000010
000000000000000000000000
111111111001000000000010
000000000000000000000000
111111111001000000000010
000000000000000000000000
111111111001000000000010
000000000000000000000000
111111111001000000000010
000000000000000000000000
111111111001000000000010
000000000000000000000000
111111111001000000000010
000000000000000000000000
111111111001000000000010
000000000000000000000000
111111111001000000000010
000000000000000000000000
111111111010000000000010
000000000000000000000000
111111111010000000000010
000000000000000000000000
111111111010000000000010
000000000000000000000000
111111111010000000000010
000000000000000000000000
111111111010000000000011
000000000000000000000000
111111111010000000000011
000000000000000000000000
111111111010000000000011
000000000000000000000000
111111111010000000000011
000000000000000000000000
111111111010000000000011
000000000000000000000000
111111111010000000000011
000000000000000000000000
111111111010000000000010
000000000000000000000000
111111111010000000000011
000000000000000000000000
111111111010000000000011
000000000000000000000000
111111111010000000000010
000000000000000000000000
111111111010000000000011
000000000000000000000000
111111111010000000000011
000000000000000000000000
111111111010000000000011
000000000000000000000000
111111111010000000000011
000000000000000000000000
111111111010000000000011
000000000000000000000000
111111111010000000000011
000000000000000000000000
111111111010000000000011
000000000000000000000000
111111111010000000000011
000000000000000000000000
111111111010000000000011
000000000000000000000000
111111111010000000000011
000000000000000000000000
111111111010000000000011
000000000000000000000000
111111111010000000000011
000000000000000000000000
111111111010000000000011
000000000000000000000000
111111111010000000000011
000000000000000000000000
111111111010000000000011
000000000000000000000000
111111111010000000000011
000000000000000000000000
111111111010000000000011
000000000000000000000000
111111111010000000000011
000000000000000000000000
111111111010000000000011
000000000000000000000000
111111111010000000000011
000000000000000000000000
111111111010000000000011
000000000000000000000000
111111111010000000000011
000000000000000000000000
111111111010000000000011
000000000000000000000000
111111111010000000000011
000000000000000000000000
111111111010000000000011
000000000000000000000000
111111111010000000000011
000000000000000000000000
111111111010000000000011
000000000000000000000000
111111111010000000000011
000000000000000000000000
111111111010000000000011
000000000000000000000000
111111111010000000000011
000000000000000000000000
111111111010000000000011
000000000000000000000000
111111111010000000000011
000000000000000000000000
111111111010000000000011
000000000000000000000000
111111111011000000000011
000000000000000000000000
111111111011000000000011
000000000000000000000000
111111111010000000000011
000000000000000000000000
111111111011000000000011
000000000000000000000000
111111111011000000000011
000000000000000000000000
111111111011000000000011
000000000000000000000000
111111111011000000000011
000000000000000000000000
111111111011000000000011
000000000000000000000000
111111111011000000000011
000000000000000000000000
111111111011000000000011
000000000000000000000000
111111111011000000000011
000000000000000000000000
111111111011000000000011
000000000000000000000000
111111111011000000000011
000000000000000000000000
111111111011000000000011
000000000000000000000000
111111111011000000000011
000000000000000000000000
111111111011000000000011
000000000000000000000000
111111111011000000000011
000000000000000000000000
111111111011000000000011
000000000000000000000000
111111111011000000000011
000000000000000000000000
111111111011000000000011
000000000000000000000000
111111111011000000000011
000000000000000000000000
111111111011000000000011
000000000000000000000000
111111111011000000000011
000000000000000000000000
111111111011000000000011
000000000000000000000000
111111111011000000000011
000000000000000000000000
111111111011000000000011
000000000000000000000000
111111111011000000000011
000000000000000000000000
111111111011000000000011
000000000000000000000000
111111111011000000000011
000000000000000000000000
111111111011000000000011
000000000000000000000000
111111111011000000000100
000000000000000000000000
111111111011000000000011
000000000000000000000000
111111111011000000000011
000000000000000000000000
111111111011000000000011
000000000000000000000000
111111111011000000000011
000000000000000000000000
111111111011000000000011
000000000000000000000000
111111111011000000000011
000000000000000000000000
111111111011000000000100
000000000000000000000000
111111111011000000000100
000000000000000000000000
111111111011000000000100
000000000000000000000000
111111111011000000000011
000000000000000000000000
111111111011000000000011
000000000000000000000000
111111111011000000000011
000000000000000000000000
111111111011000000000100
000000000000000000000000
111111111011000000000100
000000000000000000000000
111111111011000000000011
000000000000000000000000
111111111011000000000100
000000000000000000000000
111111111011000000000100
000000000000000000000000
111111111011000000000100
000000000000000000000000
111111111011000000000100
000000000000000000000000
111111111011000000000100
000000000000000000000000
111111111011000000000100
000000000000000000000000
111111111011000000000100
000000000000000000000000
111111111011000000000100
000000000000000000000000
111111111011000000000100
000000000000000000000000
111111111100000000000100
000000000000000000000000
111111111011000000000100
000000000000000000000000
111111111100000000000100
000000000000000000000000
111111111100000000000100
000000000000000000000000
111111111011000000000100
000000000000000000000000
111111111100000000000100
000000000000000000000000
111111111011000000000100
000000000000000000000000
111111111100000000000100
000000000000000000000000
111111111100000000000100
000000000000000000000000
111111111100000000000100
000000000000000000000000
111111111100000000000100
000000000000000000000000
111111111100000000000100
000000000000000000000000
111111111100000000000100
000000000000000000000000
111111111100000000000100
000000000000000000000000
111111111100000000000100
000000000000000000000000
111111111100000000000100
000000000000000000000000
111111111100000000000100
000000000000000000000000
111111111100000000000100
000000000000000000000000
111111111100000000000100
000000000000000000000000
111111111100000000000100
000000000000000000000000
111111111100000000000100
000000000000000000000000
111111111100000000000100
000000000000000000000000
111111111100000000000100
000000000000000000000000
111111111100000000000100
000000000000000000000000
111111111100000000000100
000000000000000000000000
111111111100000000000100
000000000000000000000000
111111111100000000000100
000000000000000000000000
111111111100000000000100
000000000000000000000000
111111111100000000000100
000000000000000000000000
111111111100000000000100
000000000000000000000000
111111111100000000000100
000000000000000000000000
111111111100000000000100
000000000000000000000000
111111111100000000000100
000000000000000000000000
111111111100000000000100
000000000000000000000000
111111111100000000000100
000000000000000000000000
111111111100000000000100
000000000000000000000000
111111111100000000000100
000000000000000000000000
111111111100000000000100
000000000000000000000000
111111111100000000000100
000000000000000000000000
111111111100000000000100
000000000000000000000000
111111111100000000000100
000000000000000000000000
111111111100000000000100
000000000000000000000000
111111111100000000000100
000000000000000000000000
111111111100000000000100
000000000000000000000000
111111111100000000000100
000000000000000000000000
111111111100000000000100
000000000000000000000000
111111111100000000000100
000000000000000000000000
111111111100000000000100
000000000000000000000000
111111111100000000000100
000000000000000000000000
111111111100000000000100
000000000000000000000000
111111111100000000000100
000000000000000000000000
111111111100000000000100
000000000000000000000000
111111111100000000000100
000000000000000000000000
111111111100000000000100
000000000000000000000000
111111111100000000000100
000000000000000000000000
111111111100000000000100
000000000000000000000000
111111111100000000000100
000000000000000000000000
111111111100000000000100
000000000000000000000000
111111111100000000000100
000000000000000000000000
111111111101000000000100
000000000000000000000000
111111111101000000000100
000000000000000000000000
111111111100000000000100
000000000000000000000000
111111111100000000000100
000000000000000000000000
111111111100000000000100
000000000000000000000000
111111111100000000000100
000000000000000000000000
111111111100000000000100
000000000000000000000000
111111111101000000000100
000000000000000000000000
111111111101000000000100
000000000000000000000000
111111111100000000000100
000000000000000000000000
111111111101000000000100
000000000000000000000000
111111111100000000000100
000000000000000000000000
111111111101000000000101
000000000000000000000000
111111111101000000000100
000000000000000000000000
111111111101000000000100
000000000000000000000000
111111111101000000000100
000000000000000000000000
111111111101000000000100
000000000000000000000000
111111111101000000000100
000000000000000000000000
111111111101000000000100
000000000000000000000000
111111111101000000000100
000000000000000000000000
111111111101000000000101
000000000000000000000000
111111111101000000000100
000000000000000000000000
111111111101000000000100
000000000000000000000000
111111111101000000000100
000000000000000000000000
111111111101000000000100
000000000000000000000000
111111111101000000000100
000000000000000000000000
111111111101000000000101
000000000000000000000000
111111111101000000000101
000000000000000000000000
111111111101000000000100
000000000000000000000000
111111111101000000000100
000000000000000000000000
111111111101000000000100
000000000000000000000000
111111111101000000000101
000000000000000000000000
111111111101000000000101
000000000000000000000000
111111111101000000000101
000000000000000000000000
111111111101000000000101
000000000000000000000000
111111111101000000000101
000000000000000000000000
111111111101000000000101
000000000000000000000000
111111111101000000000101
000000000000000000000000
111111111101000000000100
000000000000000000000000
111111111101000000000101
000000000000000000000000
111111111101000000000101
000000000000000000000000
111111111101000000000101
000000000000000000000000
111111111101000000000101
000000000000000000000000
111111111101000000000101
000000000000000000000000
111111111101000000000101
000000000000000000000000
111111111101000000000101
000000000000000000000000
111111111101000000000100
000000000000000000000000
111111111101000000000101
000000000000000000000000
111111111101000000000101
000000000000000000000000
111111111101000000000101
000000000000000000000000
111111111101000000000101
000000000000000000000000
111111111101000000000101
000000000000000000000000
111111111101000000000101
000000000000000000000000
111111111101000000000101
000000000000000000000000
111111111101000000000101
000000000000000000000000
111111111101000000000101
000000000000000000000000
111111111101000000000101
000000000000000000000000
111111111101000000000101
