111111111111000000000000
000000001010111111111000
000000000000000000000000
000000001010111111111000
000000000000111111111111
000000001011111111110111
000000000011000000000000
000000001011111111111011
000000000000000000000000
000000001011111111111010
111111111111000000000000
000000001100111111111001
111111111111000000000001
000000001011111111111001
111111111111000000000001
000000001010111111111000
000000000001111111111111
000000001011111111111001
000000000000111111111111
000000001100111111111010
111111111110000000000001
000000001011111111111000
000000000000000000000001
000000001011111111111001
111111111111000000000000
000000001010111111111000
111111111110000000000000
000000001011111111110110
000000000000000000000000
000000001011111111111000
000000000000000000000000
000000001011111111111000
111111111111000000000000
000000001010111111110111
000000000001111111111111
000000001011111111111000
111111111111111111111111
000000001100111111110111
000000000001111111111111
000000001100111111111000
000000000001111111111111
000000001101111111111000
000000000001000000000000
000000001101111111111000
000000000001000000000000
000000001100111111111001
111111111111000000000000
000000001101111111110111
000000000001111111111111
000000001101111111111001
000000000001000000000001
000000001100111111111001
111111111111111111111111
000000001101111111111000
000000000000000000000000
000000001101111111111001
111111111111000000000000
000000001101111111111000
111111111111000000000000
000000001110111111110111
000000000000000000000000
000000001110111111111001
111111111110000000000000
000000001110111111110110
000000000000000000000001
000000001101111111110111
000000000001111111111111
000000001110111111111000
111111111111000000000001
000000001110111111110110
000000000000000000000000
000000001101111111110111
000000000000111111111111
000000001110111111110111
000000000000111111111111
000000001111111111110111
000000000010000000000001
000000001110111111111000
000000000000000000000000
000000001111111111111000
000000000000111111111111
000000010000111111111000
000000000000000000000001
000000001110111111111000
000000000000111111111111
000000010000111111111000
000000000000000000000000
000000010000111111111000
111111111110000000000000
000000010000111111110111
111111111111000000000001
000000001111111111110110
000000000000000000000000
000000010001111111110111
111111111111000000000001
000000001111111111110110
111111111111000000000001
000000010000111111110101
000000000000000000000001
000000001111111111110101
000000000001000000000000
000000010000111111110110
000000000001000000000000
000000010000111111110111
111111111111111111111111
000000010010111111110101
000000000001000000000000
000000010010111111111000
111111111111000000000001
000000010000111111110110
000000000000111111111111
000000010010111111110110
000000000000000000000000
000000010001111111110111
000000000000111111111111
000000010011111111110111
111111111111000000000000
000000010010111111110110
000000000000111111111111
000000010100111111110110
000000000000000000000001
000000010010111111110111
111111111110111111111111
000000010011111111110100
000000000001111111111111
000000010100111111110101
000000000001000000000000
000000010100111111110110
000000000000111111111111
000000010110111111110110
000000000000000000000001
000000010101111111110110
111111111111000000000001
000000010100111111110101
000000000000000000000000
000000010110111111110101
111111111111000000000001
000000010101111111110101
000000000000000000000000
000000010101111111110101
000000000000000000000000
000000010110111111110101
111111111111000000000000
000000010111111111110100
000000000000000000000000
000000010111111111110100
000000000000000000000001
000000010101111111110101
000000000000111111111110
000000011000111111110100
000000000010000000000000
000000011000111111110111
111111111101111111111111
000000011010111111110100
111111111111000000000000
000000011010111111110100
111111111111000000000001
000000011001111111110010
000000000001000000000000
000000011010111111110101
000000000000000000000000
000000011011111111110100
111111111111000000000000
000000011011111111110011
111111111111000000000000
000000011100111111110010
000000000001000000000000
000000011101111111110100
000000000001000000000000
000000011101111111110100
000000000000111111111111
000000011110111111110100
000000000000000000000000
000000011111111111110100
111111111111000000000000
000000100000111111110011
111111111111000000000001
000000100000111111110011
111111111110000000000000
000000100000111111110001
000000000000111111111111
000000100010111111110001
000000000001000000000000
000000100011111111110001
000000000001111111111111
000000100101111111110010
000000000001000000000000
000000100110111111110010
000000000010000000000010
000000100101111111110100
111111111111000000000001
000000100110111111110000
000000000001000000000000
000000101001111111110010
000000000001000000000001
000000101001111111110010
000000000000000000000001
000000101010111111110010
111111111111000000000000
000000101101111111110001
000000000000000000000000
000000101111111111110001
111111111111000000000001
000000101111111111110000
000000000000000000000000
000000110010111111110000
111111111111000000000000
000000110100111111101110
000000000001000000000000
000000110111111111101111
000000000000000000000000
000000111010111111101111
000000000000000000000000
000000111101111111101110
000000000000000000000010
000000111111111111101101
000000000001000000000001
000001000010111111101110
111111111111000000000001
000001000100111111101011
000000000000111111111111
000001001011111111101011
111111111111000000000001
000001001110111111101000
000000000000000000000000
000001010100111111100111
111111111111000000000000
000001011001111111100100
000000000000111111111110
000001100010111111100000
000000000000111111111111
000001101010111111011100
000000000000111111111110
000001110110111111010101
000000000000000000000010
000001111101111111001011
000000000000000000000001
000010001001111110111010
000000000001111111111111
000010010110111110011100
111111111111000000000000
000010010011111101001111
000000000000000000000000
111111010001110111110100
001011010111110100101011
010100000100000010010001
001011010101001011010101
000110110011010000000111
110100101011001011010101
000001000001110111111110
001011010100001011010101
110100111111001110001010
110100101010110100101100
001111111001110111011010
001011010101001011010101
000100100010001110010010
110100101011001011010110
000000110001111000010000
001011010101001011010110
111101110000010000100000
110100101011001011010110
111001111011000010100001
110100101010001011010101
101110010111110100111010
001011010101110100101010
001000111011001111000000
110100101011001011010111
111011101110000010110100
110100101011001011010110
101110001101111101111101
110100101100110100101011
000111100110111000101100
110100101100001011010100
111001001011101010101100
001011010110001011010101
101001001100111010100011
001011010101110100101011
110111100110000010101110
001011010101110100101001
111101100000010010100010
110100101001110100101010
000011010010000100011010
110100101011110100101011
010001010110111111000010
110100101011001011010101
000000100110111001111110
110100101011001011010110
110000001100101101011111
001011010110110100101010
111111111100000111000101
110100101100110100101011
001111001001111000100111
110100101100001011010101
111000001001101000100010
001011010011110100101011
010000011000110110101101
001011010101001011010110
000011011001111100010011
001011010100001011010100
111110000110000001100011
001011010101001011010100
111000100001001110010111
110100101011001011010101
101010001101110101101110
001011010101110100101100
111001101100001011100100
110100101100110100101011
000001011001110100100000
001011010100110100101100
010000011000001010111001
110100101010001011010110
000000011010110100001000
001011010101001011010110
110001011100001010110101
110100101010110100101011
001001010010110100011101
001011010101001011010100
110011001010001100001111
110100101001110100101010
001010010010111101011100
110100101011001011010101
110100010010101110100101
001011010101110100101010
001100100101000101110111
110100101100001011010110
111110111110101110000111
001011010110001011010110
110111110011111100011100
001011010101001011010101
101000100101001010011001
110100101010110100101010
110111000100110000111011
001011010101110100101001
111100110101111110101111
001011010101110100101100
000010010011001100101111
110100101011110100101010
010000000010110100010001
001011010101001011010110
111110101110001001110001
110100101010001011010110
101101011100110001011101
001011010100110100101010
111011010110111111111101
001011010101110100101011
000001100110001111010010
110100101100110100101011
001110010101111110111100
110100101010001011010101
110100101010101111001101
001011010101110100101011
000010110000000101110100
110100101001110100101100
010001111111101101000101
001011010101001011010100
000001110001111001100011
001011010100001011010101
110010011000111110001000
001011010101110100101010
001001100010000010100010
001011010101001011010110
110001111000001110010011
110100101011110100101011
000000101111110011101010
001011010100110100101100
010000001100111111111011
001011010110001011010100
111111110000000110001000
001011010101001011010101
101111000101010100010101
110100101100110100101011
111101100111000100100011
110100101011110100101010
000100111101111100010110
110100101011110100101011
010100000011101100100001
001011010101001011010101
000101010010111010100110
001011010111001011010101
111111000011000000001010
001011010011001011010101
111000101101000101100011
001011010101001011010101
101001100100010011011000
110100101001110100101011
110111110011000010100000
110100101011110100101010
111100111100110010110000
001011010100110100101010
000000110110001001100010
110100101011110100101011
000101011000110001011111
001011010101110100101011
010001101100111111101010
001011010110001011010011
111000101001001101100101
110100101010110100101010
001101110101110100001100
001011010100001011010101
110101001001000010010010
001011010110110100101001
000010100110010001011010
110100101100110100101100
001001101100000000101110
110100101010110100101011
011001000100110000000000
001011010101001011010101
001010111111111111000110
001011010100001011010101
000110000101001101001101
110100101011001011010101
000010101001110011110100
001011010101001011010101
111111011000000001100110
001011010101001011010110
111010111101001111011100
110100101100001011010110
101101111001110110010001
001011010101110100101010
111111101111000100110011
001011010101110100101010
010001100011010100101111
110100101010001011010100
000100100001000110000010
110100101010001011010101
000000000111111111001001
110100101010001011010101
111100110101110001111000
001011010101001011010100
111001011110001011000100
110100101010001011010101
110100101010111100011001
110100101010001011010110
100110110100101100010101
001011010101110100101011
110111001000111010111110
001011010101110100101010
000101101111000010000001
001011010110001011010101
101100001101010000010101
110100101010110100101011
111000110011111111011001
110100101011110100101100
111110011001101110100100
001011010110110100101011
001010011101111101100001
001011010101001011010110
101111100110001011011000
110100101010110100101011
111011000101110001011110
001011010110110100101010
111111000010111101111110
001011010101110100101100
000010001101000011110101
001011010110110100101001
000110011001010000100111
110100101001110100101001
010010100100110111110000
001011010101001011010100
111001100000001101010110
110100101010110100101011
001111000100110101111001
001011010101001011010101
110111110010001011111000
110100101011110100101010
001110001001110100011100
001011010100001011010101
110111100000001001111101
110100101011110100101011
001110111101110001000001
001011010101001011010101
111111101011111101100001
001011010100001011010110
101111011001000010011100
001011010100110100101010
111110000110000111100011
001011010111110100101011
000101011011010101001101
110100101100110100101011
010100011010000100001000
110100101011001011010101
000101010000110011100001
001011010101001011010100
111101110001000011010000
001011010101001011010110
101110110111010011010101
110100101011110100101011
111110110111000100010010
110100101010110100101011
001101101010111100011100
110100101100001011010101
110101000000101100110000
001011010111110100101101
000011110101111010110010
001011010111110100101010
010100000010111111111000
001011010101001011010101
000101011110000011110101
001011010100001011010101
111110101010001000101011
001011010110001011010101
110001010000010110001011
110100101011110100101011
001001100100000100111000
110100101100001011010100
110011100100110011111000
001011010100110100101011
001010100000000010001011
001011010110001011010101
110011111100001001011001
001011010101110100101011
001010100110011000010010
110100101010001011010100
110011110101001000100110
110100101011110100101011
001010000101111010011111
001011010110001011010100
110010010010010100100010
110100101010110100101100
000001000110001000101011
110100101011110100101010
010000101100000100101111
110100101010001011010110
000000011000000001110110
110100101010001011010110
110000000100111110111110
110100101011110100101011
111111101010111011000100
110100101010110100101100
001110100101101111010000
001011010110001011010101
110111000010001001011000
110100101100110100101010
001110010010111011011001
110100101010001011010111
111110111100101011110110
001011010101001011010101
101110110110111010111001
001011010110110100101100
111110001110000010001110
001011010110110100101010
001100100100010000010000
110100101011001011010100
110011010011111000110101
001011010110110100101010
000001001010010000110111
110100101010110100101100
001110111101000011100100
110100101011001011010101
110101100110111101010101
110100101100110100101010
000011101011110000100010
001011010011110100101011
010010001010001001111111
110100101011001011010011
111010101011111011100111
110100101100110100101010
010010011011101011111000
001011010100001011010101
000100101101111010110101
001011010101001011010101
111101101111000010011000
001011010110001011010100
101111000111010001100000
110100101010110100101100
111111001101000010011100
110100101100110100101011
001110000100111011001011
110100101010001011010101
110101010111101101000100
001011010100110100101100
000100000100000100010000
110100101011110100101010
010011110001101011110100
001011010110001011010101
000011101111111000010001
001011010101001011010100
110011111111111100100100
001011010101110100101010
000100100001111111110100
001011010100110100101011
010101100001000011101010
001011010101001011010100
000111110100001111000011
110100101010001011010101
000010011111110011111011
001011010011001011010100
111101001110111111011010
001011010110001011010101
101111101001000011101101
001011010110110100101101
000000111000001000001110
001011010100110100101011
010001111000010100100001
110100101010001011010110
000010111010111011100011
001011010110001011010110
110100101101010001001111
110100101010110100101100
001101010101111010000010
001011010101001011010110
111000010000010000011110
110100101011110100101010
010001011101111001110100
001011010100001011010101
000101000010010000101101
110100101011001011010100
111111101001111010101110
001011010110001011010110
110011110011010011010000
110100101011110100101100
001110110100000110001011
110100101100001011010110
000011011100000000000010
110100101010001011010110
111111100101110011000101
001011010100001011010101
111100010101001011111011
110100101010001011010101
110111111011110110101000
001011010101001011010101
101010101100001111001101
110100101011110100101011
111011111100000001001111
110100101100110100101011
001100000100110011011101
001011010100001011010101
110101100110001100111000
110100101010110100101011
001110001011111110111011
110100101100001011010101
000001001111110000101011
001011010101001011010101
111011001011001000101000
110100101100001011010101
101110010000110010001110
001011010100110100101010
000110111110001000011000
110100101101001011010110
110001001101110000000000
001011010101110100101011
001000011000111100111000
001011010110001011010101
110010000000000010001010
001011010110110100101011
001000101101000111100000
001011010110001011010110
110001010101010100101111
110100101011110100101101
000000101100111101000100
001011010110110100101011
010001001010010101001011
110100101011001011010110
000010110000001000011100
110100101100001011010100
111011111010000011111101
110100101011001011010100
101101110010000000100011
110100101010110100101010
111110111011111101000000
110100101101110100101101
010000001001111000000111
110100101001001011010110
000010011111101001111110
001011010110001011010111
111101000100111001011010
001011010101001011010110
110111100100000000100110
001011010101001011010100
101001100111001101111111
110100101011110100101011
111010001010110100110101
001011010101110100101011
001001011110000011011001
001011010110001011010101
110001111000010011001001
110100101010110100101011
001000001010000011011100
110100101011001011010110
110001001001110100111011
001011010110110100101010
000111001111001101111110
110100101010001011010110
101111000110111111110000
110100101010110100101010
111101011000110001001111
001011010101110100101100
001011011010001000110110
110100101011001011010110
110010001111110001011100
001011010101110100101010
000000100111000000001001
001011010111110100101011
010000000001001110101001
110100101100001011010101
111111110111110101111100
001011010110001011010110
110000011011000100111100
001011010101110100101011
000111011100010101011001
110100101100001011010101
101111011001000111100000
110100101011110100101011
111100111000000010010101
110100101011110100101100
000011101100111110000101
110100101100110100101010
010010010000111000110000
110100101100001011010111
000001111110101010011000
001011010110001011010101
110010111010111001011010
001011010110110100101011
001010110010111111101000
001011010100001011010110
110100111101000101101010
001011010101110100101100
001101010010010100000101
110100101010001011010100
111111110010000011111000
110100101100001011010101
111000101101110100111011
001011010101001011010101
101001101011001100111100
110100101011110100101100
111000100001110111010000
001011010110110100101011
111111011000001111101001
110100101011110100101010
001100101100000001101010
110100101010001011010100
110100000111110011111100
001011010101110100101100
001001100010001101110000
110100101011001011010101
110001001011000000111101
110100101100110100101011
111111011010111010100100
110100101011110100101100
001101101111101100011001
001011010101001011010011
110101110111111101000101
001011010101110100101010
001100110100001101010100
110100101001001011010100
111101001100111101001000
110100101010001011010101
101100100100101100011111
001011010111110100101001
111010110011111010110010
001011010111110100101100
000001010011000001011000
001011010110110100101011
001110011011001110011101
110100101101001011010110
110101110001110101101010
001011010101110100101011
001011011010001010110001
110100101011001011010101
110011111100110001101111
001011010101110100101011
001001100110111110001111
001011010101001011010110
110000111111000011001011
001011010110110100101011
111110001011001000010011
001011010110110100101101
000100110011010101010000
110100101011110100101010
010011011000111101001100
001011010110001011010101
000011110100010100101001
110100101011001011010111
111011110010000110010000
110100101100001011010110
101100001011111000100001
001011010101110100101011
111010100110010010100101
110100101011110100101010
000001000001000110100101
110100101101110100101100
001101100111000010010001
110100101100001011010100
110011011110111110100100
110100101011110100101010
000000000110111001100110
110100101011110100101010
000110011110101011101000
001011010101110100101011
010100101101111011001110
001011010101001011010110
000100010011000010110001
001011010100001011010101
110101001111010000101101
110100101011110100101010
001101110001111000111101
001011010101001011010101
111110111000001111101000
110100101010001011010101
101110111100111001100110
001011010100110100101100
111110011100010001111011
110100101011110100101011
001100110101000100000010
110100101100001011010100
110011101010110110100010
001011010110110100101010
000001101001010000100001
110100101011110100101011
001111101010000011011011
110100101011001011010101
110110101000110110100110
001011010101110100101011
000101010111010001011110
110100101100110100101011
010101100100000110010100
110100101011001011010110
000111010101000011000001
110100101011001011010110
000001100110000000111000
110100101010001011010101
111011111101111111000100
110100101011001011010101
101110000000111101010011
110100101100110100101010
111110111001111011011011
110100101010110100101010
001111011010111001000000
110100101011001011010101
111111110100110101001110
110100101011001011010100
110000110000101001001001
001011010101110100101001
000111111111000001111000
110100101100001011010110
101111111110101011001000
001011010101110100101011
111101011100111010001111
001011010110110100101010
000011111111001001000010
110100101011110100101011
010001011010110001000011
001011010100001011010101
111001010010000110101111
110100101011110100101010
001111110011101110010001
001011010100001011010110
111001110001111011100000
001011010110110100101011
010010011111000010001011
001011010110001011010101
000110000011010000011010
110100101010001011010101
000001101001111111100101
110100101011001011010101
111110001111101111000000
001011010100001011010100
111010101100111110010111
001011010101001011010110
110101100110001101000000
110100101101001011010110
100111001111110100111110
001011010101110100101011
110110001010001010110011
110100101010110100101011
111100001001110010110000
001011010101110100101010
000001110100000001100000
001011010110110100101100
001111100100010001000111
110100101001001011010100
111110010011000000110100
110100101100001011010101
101100111101110000101001
001011010110110100101100
111010101000000000011101
001011010101110100101011
000000100101001111101010
110100101011110100101010
001100110001111000100100
001011010110001011010101
110010000000010000101001
110100101010110100101011
111101100100000011001101
110100101011110100101011
000001100001111100100011
110100101001110100101011
000100101011101110010010
001011010110110100101011
001000001001111111001011
001011010101110100101100
001101001111001111110001
110100101100110100101011
011011110000000000011000
110100101011001011010100
001101001111110001100111
001011010101001011010101
001000000101001001010011
110100101010001011010101
000100100011110010001011
001011010110001011010100
000001010101000001101011
001011010100001011010101
111101001101010001111011
110100101100001011010110
110001001100000010110000
110100101100110100101011
001010101010110100110011
001011010110001011010011
110110000001001110101101
110100101011110100101010
001111011100000010011011
110100101011001011010101
000011010011111101100000
110100101010001011010101
111110110011111000001010
110100101010001011010110
111010010011101010000101
001011010100001011010100
101110011000111001110011
001011010111110100101100
001000101110000001111010
001011010110001011010101
111011111110010001100100
110100101010001011010110
110101001010000011001101
110100101010001011010110
100101111100111101011000
110100101011110100101100
110100000101110111100010
110100101011110100101010
111001000000101001001001
001011010110110100101010
111100010100111001001001
001011010100110100101011
111111010101000111011100
110100101100110100101011
000011001000101101101010
001011010110110100101100
001110011110111001110000
001011010101001011010100
110011011100111110000000
001011010110110100101010
111111000010000001010101
001011010110110100101010
000011011011000100110111
001011010101110100101011
001000000110001001110111
001011010101110100101011
010100101011011000000011
110100101011001011010110
111100001101001000110011
110100101100110100101010
010011001110000001110011
110100101010001011010101
000100001101110100100001
001011010101001011010110
110101011000001101010101
110100101011110100101010
001101001100111000010111
001011010100001011010100
110110111010010001101010
110100101011110100101011
001101100101000101101011
110100101100001011010101
110110010001000001101011
110100101011110100101010
000101111000111110101101
110100101010110100101011
010110101111111011100111
110100101011001011010100
001001010010110111001111
110100101100001011010100
000100101101101010000100
001011010101001011010110
000001011001111011011100
001011010100001011010110
111110001001001100010011
110100101011001011010101
111001101011111100111010
110100101100001011010101
101100011101101101011111
001011010101110100101100
111101110111111110001001
001011010101110100101011
001110111001001111000111
110100101011001011010110
111111111001000001010000
110100101011001011010101
110001101110111011101000
110100101011110100101011
001010111000110101110101
110100101010001011010101
111100011111100111010001
001011010110001011010101
101101000001110110011111
001011010011110100101011
111101000100111101101110
001011010110110100101100
001100001101001100000101
110100101100001011010101
110100110001111011000000
110100101011110100101101
001011111011101001101000
001011010101001011010100
111100011011110110111100
001011010100001011010100
101011101110111011100110
001011010101110100101100
111001011100111111010000
001011010110110100101011
111110011011000011110111
001011010101110100101011
000010010101010000111110
110100101010110100101010
000111000010111111001111
110100101011110100101011
010011101101101101100010
001011010110001011010110
111011001111111010110101
001011010101110100101100
010001101101111111111111
001011010100001011010101
111110100100000111110000
111111111111000000000001
111111001110111100010000
001011010110110100101011
010100011100000101001001
001011010101001011010100
000111010010010010001111
110100101100001011010111
000001011110111001101001
001011010110001011010110
110101011010001111100010
110100101011110100101011
010000010011111000100100
001011010100001011010101
000100111001001111010000
110100101100001011010101
000001000111111001000110
001011010101001011010110
111110000100010001001111
110100101010001011010101
111010001110000011001000
110100101011001011010100
101110101010110101100000
001011010101110100101100
001001001001001111100001
110100101011001011010101
111011111101000011010010
110100101001001011010101
101110011100111110010110
110100101011110100101011
000111110101111001000011
110100101011001011010111
111001010101101011000001
001011010100001011010101
101001010110111010110101
001011010011110100101010
110111110010000010111101
001011010100110100101010
111101101010010010101110
110100101011110100101100
000011011001000100101001
110100101010110100101011
010001011111111111001101
110100101011001011010110
000000101101111010001010
110100101011001011010110
110000010100101101101001
001011010101110100101100
000000000001000111001110
110100101011110100101011
001111001111111000101110
110100101011001011010101
111000001110101000100110
001011010110110100101011
010000011110110110110100
001011010110001011010101
000011100000111100011010
001011010100001011010110
111110001011000001101000
001011010110001011010101
111000100101001110011101
110100101011001011010110
101010010000110101110010
001011010101110100101100
111001101110001011100111
110100101100110100101010
000001011100110100100010
001011010101110100101010
010000011100001010111100
110100101011001011010110
000000011101110100001011
001011010110001011010100
110001100000001010110111
110100101100110100101010
001001010110110100011111
001011011000001011010100
110011001101001100010011
110100101011110100101010
001010010100111101100010
110100101010001011010100
110100010111101110100111
001011010101110100101100
001100100101000101111010
110100101011001011010100
111111000010101110001001
001011010101001011010101
110111110111111100011110
001011010100001011010110
101000101000001010011001
110100101010110100101011
110111000110110000111011
001011010110110100101010
111100110101111110110000
001011010101110100101011
000010010100001100101111
110100101011110100101010
010000000010110100010001
001011010101001011010100
111110110000001001110001
110100101011001011010101
101101011111110001011110
001011010100110100101010
111011011000111111111100
001011010110110100101100
000001100111001111010011
110100101011110100101010
001110010111111110111011
110100101011001011010101
110100101011101111001101
001011010101110100101011
000010110001000101110010
110100101100110100101011
010010000001101101000110
001011010110001011010110
000001110001111001100011
001011010101001011010100
110010011001111110000111
001011010110110100101011
001001100010000010100011
001011010110001011010100
110001111010001110010101
110100101011110100101010
000000110001110011101010
001011010100110100101100
010000001110111111111100
001011010101001011010101
111111110000000110000111
001011010101001011010101
101111000101010100010110
110100101010110100101010
111101101000000100100010
110100101010110100101011
000100111100111100010110
110100101001110100101010
010100000011101100011111
001011010101001011010100
000101010011111010100101
001011010101001011010101
111111000100000000000110
001011010101001011010101
111000101101000101100010
001011010101001011010101
101001100100010011010110
110100101001110100101010
110111110101000010011111
110100101100110100101010
111100111110110010101111
001011010101110100101011
000000110110001001100011
110100101011110100101100
000101010111110001011111
001011010100110100101010
010001101110111111101000
001011010101001011010101
111000101001001101100001
110100101100110100101010
001101110110110100001011
001011010101001011010110
110101001010000010010010
001011010110110100101011
000010100100010001011010
110100101010110100101100
001001101101000000101100
110100101011110100101100
011001000011101111111111
001011010110001011010101
001010111110111111000110
001011010101001011010101
000110000011001101001101
110100101011001011010101
000010101001110011110100
001011010101001011010101
111111010111000001100110
001011010100001011010101
111010111100001111011011
110100101011001011010100
101101111100110110010000
001011010101110100101100
111111101110000100110001
001011010101110100101011
010001100010010100101110
110100101001001011010100
000100100001000110000000
110100101001001011010101
000000000101111111000111
110100101100001011010100
111100110110110001111001
001011010011001011010101
111001011101001011000011
110100101010001011010101
110100101001111100011000
110100101011001011010110
100110110010101100010100
001011010100110100101011
110111000111111010111100
001011010101110100101010
000101101110000001111111
001011010110001011010100
101100001101010000010100
110100101010110100101011
111000110010111111011000
110100101011110100101100
111110011000101110100011
001011010100110100101010
001010011100111101011111
001011010100001011010101
101111100110001011010101
110100101100110100101100
111011000110110001011101
001011010110110100101011
111111000001111101111101
001011010110110100101101
000010001101000011110100
001011010101110100101100
000110010111010000100110
110100101010110100101010
010010100010110111101110
001011010110001011010100
111001011111001101010101
110100101011110100101011
001111000010110101111010
001011010100001011010101
110111110001001011110111
110100101011110100101011
001110000111110100011010
001011010110001011010100
110111011110001001111101
110100101010110100101011
001110111011110000111111
001011010101001011010100
111111101010111101011111
001011010111001011010110
101111010111000010011100
001011010101110100101011
111110000011000111100101
001011010110110100101010
000101011010010101001101
110100101011110100101100
010100011000000100000111
110100101010001011010101
000101010000110011100000
001011010101001011010101
111101101110000011010000
001011010100001011010100
101110110111010011010101
110100101010110100101011
111110110101000100010010
110100101010110100101010
001101101001111100011011
110100101011001011010111
110100111100101100110000
001011010100110100101001
000011110111111010101111
001011010110110100101100
010011111111111111110100
001011010110001011010101
000101011101000011110011
001011010111001011010101
111110101000001000101100
001011010110001011010110
110001001110010110001011
110100101011110100101011
001001100011000100111000
110100101100001011010100
110011100010110011110110
001011010101110100101011
001010011110000010001011
001011010110001011010101
110011111100001001011001
001011010110110100101101
001010100100011000010010
110100101011001011010110
110011110011001000100110
110100101010110100101101
001010000010111010011110
001011010110001011010101
110010001110010100100000
110100101011110100101010
000001000101001000101011
110100101010110100101011
010000101001000100101101
110100101011001011010110
000000010100000001110110
110100101011001011010110
110000000000111110111110
110100101011110100101010
111111101000111011000100
110100101100110100101011
001110100011101111010010
001011010101001011010100
110111000001001001011000
110100101011110100101011
001110001111111011011001
110100101010001011010110
111110111011101011110101
001011010110001011010101
101110110011111010111010
001011010110110100101011
111110001110000010001111
001011010110110100101011
001100100010010000010000
110100101011001011010101
110011010001111000110101
001011010101110100101010
000001001000010000110111
110100101001110100101011
001110111100000011100010
110100101100001011010110
110101100100111101010101
110100101100110100101010
000011101010110000011111
001011010110110100101011
010010001000001010000000
110100101100001011010100
111010101000111011101001
110100101011110100101100
010010010110101011111000
001011010100001011010100
000100101011111010110110
001011010101001011010110
111101101011000010011001
001011010101001011010100
101111000011010001100000
110100101010110100101011
111111001011000010011101
110100101011110100101100
001101111111111011001010
110100101001001011010011
110101010101101101000011
001011010101110100101011
000100000010000100010001
110100101011110100101010
010011101110101011110101
001011010101001011010011
000011101111111000010010
001011010100001011010101
110011111101111100100100
001011010100110100101010
000100100000111111110100
001011010100110100101100
010101011111000011101010
001011010101001011010110
000111110001001111000010
110100101010001011010110
000010011100110011111010
001011010110001011010110
111101001001111111011100
001011010110001011010101
101111100100000011101110
001011010100110100101011
000000110101001000001100
001011010101110100101010
010001110101010100100001
110100101100001011010101
000010110111111011100101
001011010101001011010101
110100101011010001001110
110100101101110100101011
001101010100111010000100
001011010110001011010111
111000001100010000100000
110100101010110100101011
010001011001111001110100
001011010101001011010101
000100111110010000101110
110100101011001011010011
111111100110111010110000
001011010101001011010101
110011101111010011001111
110100101100110100101010
001110110001000110001100
110100101011001011010100
000011011001000000000001
110100101011001011010101
111111100011110011000111
001011010101001011010101
111100010010001011111100
110100101010001011010100
110111111000110110101010
001011010100001011010101
101010101010001111001100
110100101011110100101010
111011111011000001001111
110100101100110100101100
001100000001110011011110
001011010100001011010110
110101100011001100111000
110100101100110100101011
001110001000111110111101
110100101011001011010110
000001001011110000101011
001011011000001011010101
111011001000001000101100
110100101011001011010111
101110001011110010001111
001011010110110100101010
000110111001001000011101
110100101011001011010101
110001001010110000000001
001011010100110100101100
001000010100111100111010
001011010110001011010100
110001111110000010001011
001011010101110100101100
001000101000000111100001
001011010101001011010101
110001001111010100110001
110100101011110100101011
000000101001111101000101
001011010110110100101010
010001000111010101001101
110100101010001011010100
000010101110001000011111
110100101010001011010100
111011110111000011111100
110100101011001011010100
101101110000000000100011
110100101011110100101100
111110110111111101000011
110100101010110100101100
010000000111111000000101
110100101011001011010111
000010011010101010000000
001011010110001011010101
111101000010111001011011
001011010100001011010110
110111100010000000100111
001011010110001011010111
101001100001001110000001
110100101011110100101010
111010000111110100110110
001011010110110100101100
001001011010000011011011
001011010101001011010101
110001110100010011001010
110100101010110100101100
001000000101000011011110
110100101010001011010100
110001000110110100111100
001011010110110100101011
000111001010001101111110
110100101100001011010101
101111000011111111110010
110100101011110100101011
111101010100110001010000
001011010110110100101100
001011010110001000111010
110100101001001011010101
110010001011110001011100
001011010110110100101010
000000100010000000001101
001011010101110100101001
001111111111001110101001
110100101100001011010110
111111110010110101111101
001011010111001011010101
110000011000000100111110
001011010110110100101011
000111011000010101011011
110100101100001011010101
101111010100000111100010
110100101011110100101011
111100110011000010010111
110100101011110100101010
000011101001111110001000
110100101100110100101010
010010001011111000110100
110100101010001011010101
000001111011101010011010
001011010100001011010101
110010110101111001011010
001011010110110100101001
001010110000111111101010
001011010101001011010110
110100111000000101101101
001011010101110100101001
001101010001010100000111
110100101010001011010101
111111101111000011111011
110100101011001011010110
111000101010110100111110
001011010100001011010111
101001100101001100111110
110100101011110100101011
111000011100110111010010
001011010100110100101011
111111010101001111101011
110100101010110100101100
001100100110000001101001
110100101100001011010101
110100000000110011111111
001011010100110100101011
001001011101001101110001
110100101100001011010100
110001000101000001000001
110100101011110100101010
111111010110111010100111
110100101010110100101011
001101101101101100011011
001011010100001011010101
110101110011111101000110
001011010101110100101100
001100101100001101010110
110100101010001011010011
111101000111111101001100
110100101010001011010101
101100011110101100100011
001011010101110100101010
111010101101111010110101
001011010101110100101100
000001001101000001011000
001011010111110100101010
001110010110001110100001
110100101010001011010110
110101101011110101101010
001011010110110100101011
001011010101001010110011
110100101100001011010101
110011110110110001110001
001011010101110100101010
001001100001111110010010
001011010101001011010101
110000111010000011001111
001011010101110100101100
111110000100001000010100
001011010110110100101010
000100110001010101010011
110100101011110100101101
010011010001111101001111
001011010110001011010101
000011101110010100101011
110100101011001011010110
111011101110000110010010
110100101100001011010110
101100000101111000100011
001011010111110100101010
111010100001010010101010
110100101100110100101011
000000111011000110101010
110100101010110100101100
001101100010000010010100
110100101010001011010101
110011011001111110100101
110100101011110100101100
111111111111111001101001
110100101011110100101010
000110010111101011101001
001011010110110100101011
010100100111111011010010
001011010101001011010101
000100001101000010110011
001011010101001011010100
110101001010010000110010
110100101010110100101011
001101101010111001000000
001011010110001011010101
111110110010001111101100
110100101010001011010110
101110110101111001101010
001011010011110100101100
111110010110010001111110
110100101011110100101100
001100101111000100000111
110100101011001011010101
110011100011110110100111
001011010101110100101011
000001100000010000100100
110100101011110100101010
001111100100000011011111
110100101100001011010110
110110100001110110101010
001011010101110100101100
000101001111010001100010
110100101011110100101011
010101011100000110010110
110100101100001011010110
000111001100000011000101
110100101010001011010100
000001100000000000111011
110100101011001011010110
111011110110111111001000
110100101011001011010110
101101111000111101011000
110100101010110100101010
111110110001111011011101
110100101100110100101011
001111010001111001000100
110100101011001011010101
111111101100110101010011
110100101010001011010101
110000100111101001001101
001011010101110100101010
000111110110000001111100
110100101101001011010110
101111110110101011001100
001011010110110100101001
111101010100111010010100
001011010101110100101001
000011111001001001000110
110100101011110100101101
010001010001110001000101
001011010110001011010110
111001001001000110110100
110100101011110100101010
001111101010101110010100
001011010110001011010110
111001101000111011100111
001011010110110100101011
010010010110000010010000
001011010110001011010101
000101111001010000011111
110100101100001011010101
000001100000111111101011
110100101010001011010110
111110000101101111000101
001011010100001011010100
111010100001111110011101
001011010101001011010101
110101011011001101001000
110100101011001011010100
100111000111110101000100
001011010100110100101100
110110000010001010110111
110100101011110100101101
111011111110110010110110
001011010101110100101011
000001101001000001101000
001011010011110100101010
001111011011010001001010
110100101010001011010101
111110000111000000111010
110100101010001011010101
101100110001110000101101
001011010111110100101011
111010011101000000100011
001011010101110100101010
000000011010001111110000
110100101011110100101010
001100100110111000101011
001011010011001011010110
110001110101010000101101
110100101010110100101011
111101011000000011010010
110100101100110100101001
000001010110111100101001
110100101001110100101010
000100011111101110011001
001011010101110100101010
000111111111111111010000
001011010100110100101011
001101000100001111110110
110100101011110100101011
011011100101000000011101
110100101011001011010101
001101000010110001101101
001011010100001011010110
000111111001001001011001
110100101011001011010101
000100010110110010010011
001011010100001011010101
000001000111000001101111
001011010101001011010100
111101000000010010000010
110100101011001011010110
110000111111000010111000
110100101001110100101011
001010011110110100110111
001011010101001011010110
110101110001001110110001
110100101100110100101011
001111001100000010100000
110100101100001011010101
000011000011111101100111
110100101010001011010101
111110100001111000001111
110100101100001011010100
111010000101101010001100
001011010110001011010110
101110001000111001111101
001011010101110100101100
001000011101000010000000
001011010110001011010110
111011101110010001101010
110100101100001011010110
110100111000000011010110
110100101010001011010110
100101101001111101011111
110100101100110100101010
110011110100110111101010
110100101100110100101001
111000101110101001010010
001011010101110100101011
111100000001111001010000
001011010110110100101010
111111000001000111100110
110100101011110100101010
000010110101101101110010
001011010110110100101010
001110001101111001111001
001011010110001011010110
110011000111111110001011
001011010011110100101100
111110101101000001011011
001011010110110100101100
000011000011000100111110
001011010110110100101010
000111101111001001111111
001011010110110100101100
010100010100011000001101
110100101010001011010110
111011110111001000111101
110100101001110100101011
010010110101000001111001
110100101100001011010111
000011110010110100101001
001011010111001011010101
110101000000001101100000
110100101011110100101011
001100110010111000100000
001011010101001011010110
110110011101010001110101
110100101010110100101010
001101001010000101110101
110100101011001011010111
110101110011000001110101
110100101011110100101011
000101011001111110110111
110100101010110100101011
010110010001111011110010
110100101011001011010110
001000110000110111011011
110100101010001011010110
000100000111101010001101
001011010100001011010101
000000110110111011100110
001011010101001011010110
111101100100001100100000
110100101001001011010110
111001000100111101000100
110100101100001011010101
101011110011101101101010
001011010101110100101001
111101001111111110010101
001011010100110100101010
001110001110001111010100
110100101010001011010101
111111001101000001011100
110100101010001011010101
110000111111111011110100
110100101001110100101011
001010000111110101111111
110100101011001011010110
111011101010100111011110
001011010111001011010101
101100001001110110101110
001011010101110100101010
111100001010111110000000
001011010101110100101100
001011010000001100010111
110100101000001011010101
110011101110111011001110
110100101011110100101001
001010111001101001111000
001011010101001011010101
111011010010110111001111
001011010101001011010101
101010011110111011111011
001011010110110100101011
111000000111111111101010
001011010101110100101010
111100111111000100010001
001011010110110100101011
000000110010010001011110
110100101011110100101011
000101010101111111110110
110100101010110100101011
010001110100101110010100
001011010100001011010101
111001001011111011110110
001011010100110100101011
001111011111000001100000
001011010100001011010110
111100010110001010011100
000000000000000000000001
000000000100000100011000
000000000000000000000000
000000100000000010110101
000000000000000000000001
000000100100000010000101
000000000001000000000000
000000100100000001101000
111111111111000000000000
000000100010000001010011
000000000001000000000000
000000011111000001000110
111111111111000000000000
000000011100000000111001
000000000000111111111110
000000011101000000110001
000000000001111111111111
000000011011000000101100
111111111111111111111111
000000011010000000100101
111111111111000000000000
000000011000000000100000
111111111111000000000001
000000010110000000011011
000000000000000000000000
000000010110000000010111
000000000001000000000001
000000010100000000010110
000000000000000000000001
000000010010000000010011
000000000000000000000001
000000010001000000010001
000000000000000000000000
000000010001000000001111
111111111111000000000001
000000001111000000001100
000000000001000000000000
000000001111000000001101
111111111111111111111111
000000001111000000001001
000000000000111111111111
000000001111000000001001
000000000000000000000000
000000001110000000000111
000000000000000000000000
000000001101000000000110
000000000000111111111111
000000001110000000000101
000000000001111111111111
000000001110000000000110
111111111111000000000000
000000001101000000000011
000000000000111111111111
000000001101000000000011
000000000000111111111111
000000001101000000000010
000000000001000000000000
000000001101000000000011
111111111110000000000000
000000001100000000000001
111111111111000000000000
000000001100000000000000
111111111111000000000000
000000001100000000000000
111111111111000000000000
000000001011111111111111
000000000000000000000000
000000001011111111111111
000000000001000000000000
000000001100000000000000
111111111111000000000001
000000001001111111111110
111111111111111111111111
000000001011111111111101
000000000001000000000000
000000001011111111111110
000000000000000000000000
000000001011111111111111
111111111111000000000000
000000001010111111111110
111111111110000000000000
000000001001111111111011
000000000000111111111111
000000001010111111111100
000000000001111111111111
000000001011111111111101
000000000000000000000000
000000001011111111111101
111111111110000000000000
000000001011111111111010
000000000001000000000000
000000001010111111111100
000000000000000000000000
000000001010111111111010
000000000010000000000000
000000001010111111111101
000000000001000000000001
000000001010111111111101
000000000000000000000001
000000001000111111111011
000000000001111111111111
000000001001111111111100
000000000000000000000000
000000001001111111111100
000000000000111111111110
000000001010111111111100
000000000000111111111111
000000001011111111111011
000000000000000000000000
000000001011111111111011
000000000001000000000001
000000001010111111111100
000000000000000000000001
000000001010111111111011
000000000000000000000001
000000001001111111111011
000000000000000000000001
000000001000111111111011
000000000000111111111111
000000001010111111111011
000000000000000000000001
000000000111111111111010
000000000001111111111111
000000001010111111111011
000000000001000000000000
000000001000111111111100
111111111111111111111111
000000001010111111111010
000000000000000000000001
000000001000111111111010
000000000000111111111110
000000001010111111111010
000000000000000000000000
000000001010111111111001
000000000010000000000001
000000001001111111111100
111111111111000000000000
000000001010111111111010
000000000000000000000000
000000001010111111111010
000000000000000000000010
000000001001111111111010
000000000001000000000001
000000001001111111111011
111111111111000000000000
000000001000111111111001
000000000001000000000000
000000001001111111111011
111111111111000000000000
000000001010111111111001
000000000001000000000001
000000001000111111111010
000000000000000000000000
000000001001111111111001
000000000001000000000000
000000001010111111111011
000000000000000000000001
000000001001111111111010
000000000000000000000001
000000000111111111111011
000000000000111111111111
000000001001111111111010
000000000000111111111111
000000001010111111111010
000000000000000000000001
000000001001111111111011
111111111111000000000001
000000001000111111111010
111111111111111111111111
000000001010111111111001
000000000000000000000001
000000001000111111111001
000000000000111111111111
000000001010111111111010
000000000000000000000001
000000001001111111111010
000000000000000000000000
000000001001111111111010
111111111111000000000000
000000001010111111111001
000000000000000000000001
000000001001111111111010
000000000000000000000001
000000001000111111111010
111111111111111111111111
000000001010111111111010
111111111111000000000000
000000001001111111111001
000000000001000000000000
000000001010111111111010
000000000000000000000001
000000001001111111111011
111111111110000000000000
000000001010111111111000
000000000000000000000000
000000001010111111111001
111111111111000000000001
000000001010111111111000
000000000001000000000001
000000001001111111111010
000000000001000000000001
000000001001111111111010
000000000001000000000001
000000001000111111111011
111111111111000000000000
000000001000111111111001
000000000000111111111111
000000001010111111111001
000000000001000000000000
000000001010111111111010
111111111111000000000010
000000001000111111111000
000000000000000000000000
000000001000111111111010
111111111110111111111111
000000001010111111110111
000000000001000000000000
000000001001111111111001
111111111111000000000000
000000001010111111111000
000000000000000000000000
000000001010111111111000
000000000010000000000001
000000001001111111111010
000000000000111111111111
000000001011111111111001
000000000001000000000001
000000001010111111111010
111111111111000000000001
000000001001111111111001
000000000000000000000000
000000001010111111111010
111111111111000000000001
000000001001111111111000
000000000000000000000001
000000001000111111111000
000000000000111111111110
000000001011111111111000
000000000001000000000000
000000001010111111111001
000000000000000000000000
000000001011111111111001