111111111111000000000000
000000001010111111111000
000000000000000000000000
000000001010111111111000
000000000001111111111111
000000001011111111111001
000000000001000000000000
000000001011111111111010
111111111111000000000000
000000001011111111111001
111111111111000000000000
000000001011111111110111
000000000001000000000001
000000001010111111111000
000000000001000000000000
000000001010111111111001
111111111111111111111111
000000001010111111111000
000000000000111111111111
000000001100111111111000
000000000001000000000000
000000001100111111111000
000000000000000000000000
000000001011111111111000
000000000001111111111111
000000001100111111111000
000000000001000000000001
000000001100111111111001
000000000000000000000001
000000001100111111111001
000000000000000000000001
000000001011111111111000
000000000001000000000000
000000001100111111111001
000000000000000000000001
000000001011111111111000
000000000001000000000000
000000001100111111111010
111111111111000000000001
000000001011111111111000
000000000000000000000000
000000001100111111111000
000000000001000000000000
000000001100111111111001
111111111111000000000000
000000001100111111111000
000000000000111111111111
000000001100111111111001
111111111111000000000000
000000001100111111110111
000000000000000000000000
000000001100111111111001
111111111111000000000000
000000001101111111111000
000000000000000000000000
000000001101111111110111
000000000000000000000000
000000001101111111111001
111111111111000000000001
000000001101111111111000
111111111111000000000000
000000001101111111110111
000000000000000000000000
000000001100111111111000
000000000000000000000000
000000001110111111110111
000000000000000000000000
000000001101111111111000
000000000000000000000000
000000001101111111110111
000000000000000000000000
000000001101111111111000
000000000000111111111111
000000001111111111110111
000000000000000000000000
000000001110111111110111
000000000000000000000000
000000001110111111110111
000000000001000000000000
000000001110111111111000
000000000000111111111111
000000001111111111111000
111111111111000000000000
000000001111111111110111
111111111111000000000000
000000001111111111110111
111111111111000000000000
000000001111111111110111
111111111111000000000000
000000001111111111110110
000000000000000000000000
000000001111111111110110
000000000000000000000000
000000010000111111110111
000000000000000000000001
000000001111111111110111
000000000000000000000000
000000001111111111110110
000000000001000000000000
000000010000111111111000
111111111111000000000000
000000010000111111110110
000000000000000000000000
000000010000111111110111
000000000000111111111111
000000010001111111110111
000000000001000000000000
000000010001111111111000
111111111111000000000000
000000010010111111110111
111111111111000000000000
000000010010111111110111
111111111111000000000001
000000010001111111110110
000000000000000000000000
000000010001111111110110
000000000000000000000000
000000010010111111110110
000000000000000000000000
000000010010111111110110
000000000000000000000001
000000010001111111110110
000000000000000000000000
000000010010111111110101
000000000001111111111110
000000010100111111110110
000000000000000000000000
000000010100111111110110
000000000000000000000000
000000010100111111110110
000000000000000000000000
000000010101111111110101
000000000000000000000001
000000010100111111110101
000000000001000000000000
000000010100111111110110
000000000000111111111111
000000010101111111110101
000000000000000000000000
000000010110111111110110
111111111111000000000000
000000010110111111110101
000000000000000000000000
000000010110111111110110
111111111111000000000000
000000010110111111110100
000000000000000000000000
000000010111111111110101
111111111111000000000000
000000011000111111110100
000000000000000000000001
000000011000111111110100
000000000000000000000001
000000011000111111110100
000000000000000000000001
000000010111111111110100
000000000000111111111111
000000011001111111110101
000000000000000000000000
000000011010111111110101
111111111111000000000000
000000011010111111110011
000000000000000000000000
000000011011111111110100
000000000000000000000001
000000011011111111110100
000000000000000000000000
000000011011111111110011
000000000000000000000000
000000011101111111110100
111111111111000000000001
000000011101111111110010
000000000001000000000000
000000011110111111110011
000000000001000000000000
000000011111111111110100
111111111111000000000000
000000100000111111110010
000000000001000000000001
000000100000111111110011
000000000000000000000000
000000100010111111110010
000000000001000000000001
000000100001111111110011
000000000000111111111111
000000100011111111110010
000000000000000000000001
000000100100111111110001
000000000001000000000000
000000100101111111110011
000000000000000000000000
000000100110111111110001
000000000001000000000000
000000100111111111110010
000000000000000000000000
000000101000111111110010
000000000000000000000000
000000101010111111110001
000000000001000000000000
000000101011111111110010
000000000000000000000000
000000101101111111110000
000000000001000000000000
000000101111111111110001
000000000000000000000000
000000110001111111110000
000000000001000000000000
000000110011111111110000
000000000001000000000000
000000110101111111110001
000000000000000000000000
000000110111111111101111
000000000000111111111111
000000111011111111101110
000000000000111111111111
000000111111111111101110
000000000000000000000000
000001000001111111101101
000000000001000000000000
000001000101111111101101
111111111111000000000000
000001001001111111101010
000000000001000000000000
000001001101111111101011
000000000000000000000000
000001010010111111101000
000000000000111111111111
000001011001111111100101
000000000000111111111111
000001100001111111100010
000000000000000000000000
000001100111111111011101
000000000001111111111111
000001110010111111011000
111111111111000000000000
000001111100111111001101
111111111111000000000001
000010000111111110111100
000000000000000000000001
000010010010111110011101
111111111111000000000000
000010010000111101010011
000000000000000000000001
111111010001111000000001
001011000101110100111011
010011100110000010001100
001011000110001011000100
000110101000001111110001
110100111011001011000101
000000111111111000001010
001011000011001011000101
110101001110001101110100
110100111011110100111011
001111100011110111100111
001011000100001011000101
000100011010001101111101
110100111100001011000100
000000110000111000011010
001011000101001011000100
111101110100010000001000
110100111011001011000101
111010000101000010011100
110100111100001011000101
101110110001110101001010
001011000110110100111011
001000101101001110101011
110100111011001011000101
111011110100000010110000
110100111011001011000101
101110100111111110000000
110100111100110100111010
000111011101111000110110
110100111101001011000100
111001010101101011001011
001011000110001011000100
101001101110111010101010
001011000101110100111011
110111110100000010101010
001011000100110100111011
111101100100010010000101
110100111100110100111011
000011001101000100010101
110100111100110100111011
010000111101111111000100
110100111011001011000101
000000100100111010001000
110100111011001011000100
110000100100101101111010
001011000101110100111011
111111111100000110111010
110100111100110100111100
001110110011111000110001
110100111100001011000101
111000010011101001000010
001011000100110100111011
010000000001110110111011
001011000100001011000101
000011010101111100011000
001011000101001011000101
111110001000000001100001
001011000110001011000100
111000101011001110000011
110100111011001011000101
101010101100110101111101
001011000101110100111100
111001110101001011010100
110100111010110100111100
000001010111110100101110
001011000101110100111011
010000000001001010101010
110100111011001011000101
000000011010110100011001
001011000101001011000100
110001110011001010100101
110100111100110100111011
001001000111110100101111
001011000100001011000110
110011011100001011111101
110100111011110100111100
001010000010111101100010
110100111011001011000100
110100100010101110111110
001011000101110100111011
001100010001000101101111
110100111101001011000110
111110111111101110100010
001011000101001011000100
111000000000111100100001
001011000101001011000100
101001001000001010001001
110100111100110100111011
110111010010110001010010
001011000101110100111011
111100110111111110110010
001011000100110100111100
000010010000001100011100
110100111100110100111011
001111101001110100100010
001011000101001011000100
111110110000001001100011
110100111011001011000101
101101111001110001110011
001011000100110100111100
111011011011111111111101
001011000101110100111011
000001100011001110111101
110100111011110100111011
001110000000111110111101
110100111011001011000100
110100111010101111100110
001011000100110100111011
000010101100000101101010
110100111011110100111100
010001100110101101100010
001011000100001011000100
000001101111111001101011
001011000101001011000100
110010101100111110001100
001011000100110100111011
001001010100000010100000
001011000100001011000101
110010001110001101111110
110100111100110100111100
000000101101110011111100
001011000101110100111011
001111110110111111111100
001011000110001011000101
111111101111000101111111
001011000101001011000101
101111011110010011111000
110100111100110100111011
111101101011000100011100
110100111011110100111011
000100110101111100011011
110100111011110100111011
010011100110101100111110
001011000100001011000101
000101001010111010110000
001011000011001011000101
111111000011000000000101
001011000101001011000100
111000111000000101011011
001011000101001011000100
101010000101010010111011
110100111011110100111011
111000000000000010011110
110100111011110100111011
111101000001110011000010
001011000101110100111011
000000110100001001010101
110100111011110100111011
000101010000110001110100
001011000101110100111011
010001010100111111101011
001011000110001011000011
111000110011001101010001
110100111011110100111010
001101100001110100011101
001011000101001011000100
110101011011000010010001
001011000100110100111011
000010100010010001000000
110100111100110100111101
001001011111000000101100
110100111100110100111100
011000011111110000011000
001011000101001011000100
001010101110111111001000
001011000100001011000100
000101111100001100111010
110100111011001011000011
000010100111110100000110
001011000101001011000101
111111011001000001100100
001011000101001011000101
111011000101001111000111
110100111011001011000110
101110010101110110011111
001011000101110100111100
111111101111000100101100
001011000100110100111100
010001001001010100010000
110100111100001011000100
000100011010000101111001
110100111100001011000101
000000000110111111001100
110100111011001011000100
111100111010110010001101
001011000101001011000101
111001100110001010110101
110100111011001011000100
110100111001111100011111
110100111011001011000011
100111011010101100110010
001011000101110100111100
110111010101111011000101
001011000101110100111011
000101100110000001111111
001011000100001011000100
101100101010001111111101
110100111011110100111010
111000111101111111011010
110100111011110100111011
111110011110101110111101
001011000101110100111101
001010001101111101100100
001011000101001011000100
101111111111001011001000
110100111100110100111100
111011001101110001110100
001011000101110100111010
111111000100111110000010
001011000101110100111100
000010001101000011101111
001011000101110100111100
000110010000010000001111
110100111011110100111011
010010001000110111111110
001011000100001011000100
111001101010001101000010
110100111100110100111100
001110101101110110001010
001011000100001011000100
110111111111001011100111
110100111011110100111011
001101110101110100101110
001011000011001011000101
110111101100001001101111
110100111011110100111100
001110100111110001011000
001011000100001011000101
111111101011111101100110
001011000100001011000101
101111110010000010011001
001011000011110100111011
111110001000000111011010
001011000100110100111101
000101010010010100101110
110100111011110100111100
010011111100000100000000
110100111100001011000100
000101001001110011110011
001011000101001011000100
111101110011000011001011
001011000100001011000100
101111010001010010111001
110100111011110100111100
111110110111000100001100
110100111011110100111010
001101010111111100100010
110100111100001011000101
110101001111101101001110
001011000100110100111100
000011110001111010111001
001011000101110100111011
010011100100111111110111
001011000100001011000101
000101010110000011101111
001011000011001011000100
111110101100001000011110
001011000101001011000101
110001100101010101101010
110100111011110100111100
001001010111000100110001
110100111011001011000101
110011110101110100000110
001011000110110100111100
001010001111000010001001
001011000101001011000100
110100001110001001001100
001011000101110100111011
001010011000010111101110
110100111100001011000101
110100000101001000011010
110100111011110100111100
001001110111111010100111
001011000100001011000100
110010100101010100000010
110100111011110100111011
000001000101001000011101
110100111100110100111011
010000010011000100100111
110100111100001011000101
000000010111000001110100
110100111011001011000101
110000011011111111000000
110100111011110100111011
111111101011111011001011
110100111011110100111101
001110001111101111101001
001011000101001011000100
110111001111001001001011
110100111100110100111011
001101111101111011011111
110100111100001011000101
111110111111101100010100
001011000100001011000100
101111001111111011000001
001011000100110100111100
111110010011000010001100
001011000100110100111100
001100010010001111110110
110100111100001011000100
110011100110111000111111
001011000101110100111100
000001001000010000011101
110100111011110100111100
001110101000000011011111
110100111100001011000101
110101110101111101011010
110100111011110100111011
000011100110110000110110
001011000100110100111011
010001110001001001110001
110100111100001011000101
111010110010111011101110
110100111100110100111100
010001111110101100010101
001011000011001011000100
000100100110111010111100
001011000101001011000100
111101110001000010010100
001011000101001011000100
101111011111010001000110
110100111011110100111100
111111001110000010011001
110100111100110100111011
001101101110111011010000
110100111100001011000100
110101100111101101100000
001011000101110100111011
000011111111000100001010
110100111100110100111011
010011010100101100010010
001011000101001011000101
000011101010111000011101
001011000100001011000100
110100010000111100101000
001011000101110100111010
000100011011111111110100
001011000101110100111100
010101000010000011100110
001011000101001011000101
000111101000001110101100
110100111100001011000101
000010011010110100001101
001011000110001011000100
111101010001111111011110
001011000100001011000100
110000000000000011101000
001011000101110100111100
000000110111001000000010
001011000100110100111100
010001011101010100000100
110100111010001011000100
000010110110111011101010
001011000101001011000101
110100111101010000110101
110100111100110100111100
001101000010111010001100
001011000100001011000101
111000011011010000000110
110100111100110100111011
010001000011111001111101
001011000101001011000100
000100111011010000010101
110100111100001011000100
111111101001111010110111
001011000101001011000101
110100000100010010110011
110100111100110100111010
001110011111000110000010
110100111100001011000110
000011010101000000000010
110100111011001011000011
111111100111110011011000
001011000101001011000101
111100011010001011101001
110100111100001011000100
111000000111110110110110
001011000110001011000101
101011001011001110111001
110100111011110100111011
111100000010000001001111
110100111011110100111100
001011110010110011101111
001011000101001011000100
110101110110001100100110
110100111011110100111011
001101110111111110111110
110100111011001011000101
000001001101110001000010
001011000100001011000110
111011010001001000011101
110100111011001011000100
101110101010110010100010
001011000101110100111100
000110110010001000001110
110100111100001011000100
110001100011110000010111
001011000101110100111101
001000001011111100111111
001011000100001011000100
110010010101000010000111
001011000011110100111011
001000011111000111010100
001011000101001011000100
110001101001010100010001
110100111100110100111100
000000101101111101001001
001011000101110100111100
010000110010010100101100
110100111100001011000101
000010101110001000010001
110100111011001011000101
111011111111000011110111
110100111011001011000101
101110001011000000100001
110100111011110100111011
111110111011111101000110
110100111011110100111011
001111110010111000010000
110100111100001011000101
000010011010101010011111
001011000100001011000011
111101001010111001100011
001011000101001011000100
110111110010000000100110
001011000100001011000100
101010001001001101101011
110100111100110100111100
111010010010110101000110
001011000101110100111011
001001010000000011010110
001011000011001011000100
110010001101010010101100
110100111011110100111100
000111111110000011011000
110100111011001011000101
110001011111110101001011
001011000101110100111011
000111000100001101101001
110100111010001011000100
101111011111111111101111
110100111011110100111010
111101011101110001100100
001011000110110100111011
001011001011001000101010
110100111100001011000101
110010100100110001110011
001011000011110100111011
000000100111000000001010
001011000101110100111100
001111101011001110010011
110100111011001011000110
111111110110110110001010
001011000100001011000101
110000110011000100110100
001011000101110100111100
000111010001010100111010
110100111011001011000101
101111110000000111010101
110100111010110100111100
111100111100000010010000
110100111100110100111011
000011101000111110001001
110100111011110100111011
010001110100111000111010
110100111100001011000100
000001111101101010110110
001011000101001011000110
110011001100111001100011
001011000110110100111011
001010100011111111101001
001011000011001011000101
110101001110000101100001
001011000101110100111011
001101000000010011100111
110100111100001011000100
111111110010000011110100
110100111011001011000100
111000111001110101001011
001011000101001011000101
101010001011001100101001
110100111011110100111011
111000101100110111011100
001011000101110100111011
111111011010001111010001
110100111101110100111100
001100011001000001100111
110100111100001011000101
110100010110110100001111
001011000101110100111100
001001010101001101011101
110100111011001011000100
110001100001000000111101
110100111011110100111011
111111011100111010101011
110100111100110100111101
001101011100101100110101
001011000100001011000100
110110000101111101001001
001011000101110100111010
001100100001001101000000
110100111011001011000100
111101010000111101001101
110100111011001011000100
101101000001101100111110
001011000100110100111100
111010111010111010111010
001011000101110100111101
000001010001000001010110
001011000101110100111100
001110000101001110001000
110100111100001011000101
110110000000110101110111
001011000101110100111100
001011001001001010100001
110100111011001011000101
110100001101110010000011
001011000101110100111100
001001011000111110010010
001011000101001011000101
110001010100000011001000
001011000110110100111011
111110001101001000001000
001011000100110100111011
000100101110010100110001
110100111011110100111011
010010111100111101010000
001011000101001011000101
000011101110010100001011
110100111011001011000101
111011111010000110000110
110100111100001011000110
101100101001111000101011
001011000101110100111101
111010101110010010001010
110100111100110100111100
000000111110000110011101
110100111011110100111011
001101010101000010001101
110100111100001011000101
110011110000111110100101
110100111100110100111011
000000000110111001110000
110100111011110100111100
000110010011101100000101
001011000101110100111011
010100001111111011010101
001011000101001011000101
000100001110000010101100
001011000101001011000101
110101011111010000010110
110100111011110100111100
001101011100111001000111
001011000100001011000101
111110111001001111010000
110100111100001011000100
101111010101111001101111
001011000101110100111100
111110011111010001100011
110100111011110100111100
001100100011000011111101
110100111011001011000101
110011111011110110110000
001011000101110100111010
000001100110010000001001
110100111011110100111100
001111010010000011010110
110100111100001011000100
110110110110110110110101
001011000100110100111100
000101001111010001000100
110100111101110100111011
010101000101000110001011
110100111100001011000101
000111001010000010111101
110100111011001011000100
000001100101000000110110
110100111010001011000101
111100000010111111000101
110100111100001011000011
101110011100111101011000
110100111101110100111011
111110111011111011100001
110100111100110100111011
001111000011111001001011
110100111011001011000100
111111110110110101011111
110100111011001011000101
110001000111101001101010
001011000101110100111100
000111110011000001110111
110100111100001011000110
110000010110101011100110
001011000101110100111011
111101100000111010011000
001011000100110100111011
000011111010001000110100
110100111011110100111100
010001000001110001010111
001011000110001011000101
111001011100000110100111
110100111010110100111100
001111011011101110101010
001011000100001011000101
111001111010111011101001
001011000100110100111100
010010000100000010000111
001011000101001011000101
000101111001010000000010
110100111011001011000101
000001100110111111100110
110100111011001011000101
111110010001101111011000
001011000101001011000100
111010110011111110011010
001011000100001011000110
110101110100001100101110
110100111011001011000100
100111110100110101001101
001011000101110100111100
110110011000001010100010
110100111100110100111011
111100001110110011000100
001011000100110100111011
000001110001000001011111
001011000100110100111100
001111001110010000101011
110100111100001011000100
111110010101000000110100
110100111011001011000101
101101010111110001000000
001011000110110100111010
111010110001000000011100
001011000101110100111100
000000100011001111010100
110100111100110100111010
001100011111111000110000
001011000011001011000101
110010010101010000001111
110100111011110100111011
111101101000000011001000
110100111011110100111010
000001100000111100100111
110100111100110100111100
000100100100101110101110
001011000101110100111100
000111111110111111001100
001011000100110100111100
001100111101001111011010
110100111100110100111011
011011001001000000011000
110100111011001011000101
001100111011110001111011
001011000100001011000100
000111111010001001000101
110100111011001011000101
000100011101110010011111
001011000101001011000100
000001010100000001100111
001011000101001011000101
111101010010010001100011
110100111100001011000111
110001100001000010101101
110100111011110100111011
001010011100110101000011
001011000100001011000101
110110001111001110010110
110100111100110100111100
001111000101000010010111
110100111100001011000101
000011001101111101100011
110100111011001011000101
111110110011111000010101
110100111100001011000101
111010011010101010100110
001011000101001011000101
101110110000111001111111
001011000100110100111011
001000100001000001110110
001011000101001011000100
111100000100010001001001
110100111100001011000101
110101011001000011001010
110100111011001011000100
100110100010111101011101
110100111010110100111011
110100011000110111101111
110100111011110100111011
111001001010101001101011
001011000100110100111011
111100011010111001010010
001011000100110100111100
111111010101000111010010
110100111011110100111100
000011000011101110000100
001011000100110100111100
001110001010111001111001
001011000100001011000100
110011101101111110000011
001011000101110100111011
111111000011000001010010
001011000110110100111100
000011010100000100101110
001011000101110100111010
000111111001001001101000
001011000101110100111011
010100001100010111100001
110100111100001011000011
111100010101001000100111
110100111010110100111011
010010110010000001101111
110100111011001011000101
000100000101110100110010
001011000100001011000100
110101101001001101000001
110100111100110100111010
001100111010111000100001
001011000101001011000101
110111000110010001010001
110100111011110100111011
001101010010000101100011
110100111011001011000100
110110100000000001101000
110100111011110100111011
000101101111111110101110
110100111011110100111011
010110010000111011101110
110100111011001011000101
001001000100110111011100
110100111100001011000101
000100100100101010100100
001011000100001011000101
000001010111111011100011
001011000100001011000101
111110001100001100000001
110100111011001011000101
111001110100111100111110
110100111011001011000110
101100111000101101110111
001011000110110100111011
111101111011111110001011
001011000100110100111011
001110100011001110110001
110100111100001011000101
111111111001000001001110
110100111100001011000100
110010000011111011101111
110100111010110100111011
001010101000110110000010
110100111100001011000101
111100100100100111110110
001011000100001011000101
101101011100110110101100
001011000101110100111011
111101000111111101110011
001011000101110100111011
001011111100001011110101
110100111011001011000101
110101000000111011000111
110100111011110100111100
001011101011101010001000
001011000100001011000100
111100100000110111001001
001011000101001011000101
101100001010111011101101
001011000101110100111011
111001100110111111010011
001011000101110100111011
111110011101000011110001
001011000100110100111011
000010010010010000100101
110100111011110100111011
000110110111111111010000
110100111010110100111010
010011010001101101111011
001011000101001011000101
111011010101111010111011
001011000110110100111011
010001010101111111111111
001011000100001011000101
111110100100000111100101
000000000000111111111111
111111010001111100010111
001011000101110100111011
010100000000000101000010
001011000101001011000101
000111000110010001110101
110100111100001011000101
000001011100111001110011
001011000011001011000101
110101101010001111001010
110100111100110100111100
001111111011111000101111
001011000100001011000100
000100110010001110111010
110100111011001011000101
000001000100111001001110
001011000101001011000100
111110001000010000110110
110100111011001011000101
111010010111000011000100
110100111011001011000101
101111000010110101101110
001011000100110100111100
001000111011001111001001
110100111100001011000101
111100000010000011001101
110100111010001011000100
101110110110111110011000
110100111100110100111101
000111101000111001001101
110100111100001011000100
111001100000101011011111
001011000101001011000100
101001111000111010111100
001011000100110100111100
110111111101000010111001
001011000101110100111011
111101101101010010010100
110100111100110100111100
000011010101000100100010
110100111100110100111011
010001000101111111010001
110100111010001011000110
000000101100111010010010
110100111011001011000101
110000101100101110000101
001011000100110100111100
000000000001000111000011
110100111011110100111100
001110111000111000111000
110100111011001011000100
111000011001101001001001
001011000100110100111011
010000000110110111000001
001011000100001011000100
000011011100111100011110
001011000101001011000101
111110001110000001100111
001011000101001011000101
111000101111001110000111
110100111101001011000100
101010110001110110000011
001011000100110100111100
111001111001001011010111
110100111011110100111011
000001011011110100110011
001011000101110100111011
010000000101001010101101
110100111100001011000100
000000011110110100011101
001011000101001011000101
110001110110001010101000
110100111011110100111011
001001001010110100110001
001011000100001011000101
110011100001001011111111
110100111011110100111011
001010000110111101100100
110100111011001011000101
110100100111101111000001
001011000100110100111101
001100010011000101110001
110100111010001011000100
111111000011101110100001
001011000101001011000101
111000000010111100100001
001011000101001011000101
101001001010001010001001
110100111100110100111011
110111010011110001010010
001011000101110100111011
111100111001111110110001
001011000101110100111010
000010010011001100011101
110100111100110100111011
001111101100110100100010
001011000101001011000101
111110110001001001100010
110100111100001011000100
101101111010110001110011
001011000100110100111011
111011011110111111111101
001011000101110100111011
000001100101001110111100
110100111011110100111011
001110000010111110111011
110100111100001011000100
110100111011101111100110
001011000101110100111011
000010101110000101101010
110100111011110100111100
010001101000101101100001
001011000110001011000101
000001110000111001101100
001011000101001011000101
110010101101111110001011
001011000101110100111100
001001010101000010011111
001011000101001011000100
110010001111001101111111
110100111011110100111100
000000101110110011111011
001011000100110100111100
001111110111111111111100
001011000101001011000110
111111101111000101111110
001011000100001011000101
101111011110010011110111
110100111100110100111011
111101101100000100011011
110100111100110100111100
000100110100111100011010
110100111011110100111011
010011100110101100111100
001011000100001011000100
000101001011111010101110
001011000101001011000100
111111000101000000000111
001011000100001011000100
111000111001000101011001
001011000101001011000101
101010000101010010111010
110100111011110100111011
111000000001000010011101
110100111011110100111011
111101000010110011000010
001011000100110100111011
000000110110001001010100
110100111011110100111101
000101001111110001110100
001011000100110100111100
010001010011111111101001
001011000101001011000100
111000110011001101001110
110100111100110100111011
001101100000110100011100
001011000101001011000100
110101011010000010010000
001011000100110100111100
000010100000010000111111
110100111011110100111100
001001011111000000101011
110100111011110100111100
011000011111110000010110
001011000110001011000100
001010101111111111001000
001011000100001011000110
000101111011001100111010
110100111100001011000101
000010100101110100000110
001011000100001011000110
111111010111000001100010
001011000101001011000101
111011000100001111000110
110100111011001011000100
101110010101110110011110
001011000100110100111100
111111101110000100101011
001011000100110100111100
010001001000010100001111
110100111010001011000100
000100011010000101110111
110100111011001011000101
000000000101111111001001
110100111100001011000100
111100111011110010001101
001011000101001011000101
111001100110001010110011
110100111100001011000101
110100111000111100011111
110100111011001011000100
100111011000101100110001
001011000100110100111011
110111010101111011000100
001011000100110100111100
000101100101000001111101
001011000100001011000101
101100101000001111111011
110100111011110100111011
111000111011111111011010
110100111011110100111011
111110011011101110111100
001011000101110100111100
001010001100111101100100
001011000100001011000100
101111111110001011000110
110100111100110100111011
111011001101110001110011
001011000100110100111011
111111000001111101111111
001011000101110100111011
000010001101000011101110
001011000101110100111101
000110001111010000001110
110100111011110100111100
010010001000110111111100
001011000101001011000110
111001100111001101000010
110100111010110100111011
001110101011110110000111
001011000100001011000101
110111111100001011100110
110100111011110100111010
001101110100110100101011
001011000110001011000100
110111101011001001101111
110100111010110100111100
001110100101110001010110
001011000101001011000100
111111101010111101100100
001011000110001011000101
101111110000000010011001
001011000100110100111100
111110000110000111011010
001011000100110100111100
000101010001010100101110
110100111010110100111011
010011111011000100000000
110100111011001011000100
000101001001110011110010
001011000100001011000101
111101110010000011001010
001011000101001011000100
101111010000010010111000
110100111011110100111100
111110110110000100001010
110100111101110100111011
001101010100111100100010
110100111011001011000100
110101001110101101001100
001011000101110100111100
000011110000111010111001
001011000101110100111100
010011100010111111110111
001011000011001011000100
000101010101000011101110
001011000100001011000101
111110101010001000011110
001011000110001011000110
110001100011010101101010
110100111011110100111100
001001010100000100110001
110100111100001011000100
110011110011110100000111
001011000110110100111010
001010001111000010001001
001011000100001011000101
110100001100001001001010
001011000101110100111011
001010010110010111101110
110100111100001011000101
110100000011001000011001
110100111100110100111100
001001110101111010100111
001011000100001011000100
110010100011010100000010
110100111100110100111011
000001000100001000011110
110100111011110100111100
010000010001000100100111
110100111011001011000101
000000010100000001110010
110100111011001011000110
110000011000111110111111
110100111010110100111010
111111101001111011001001
110100111100110100111011
001110001111101111101001
001011000110001011000101
110111001100001001001011
110100111100110100111011
001101111011111011011111
110100111011001011000100
111110111101101100010100
001011000100001011000101
101111001100111011000000
001011000101110100111011
111110010001000010001011
001011000101110100111100
001100010001001111110111
110100111100001011000110
110011100010111000111111
001011000100110100111011
000001000101010000011101
110100111100110100111011
001110100101000011011111
110100111100001011000100
110101110011111101011010
110100111011110100111011
000011100100110000110110
001011000100110100111011
010001101110001001110000
110100111011001011000100
111010101111111011101101
110100111100110100111010
010001111110101100010101
001011000100001011000101
000100100100111010111101
001011000101001011000100
111101110000000010010101
001011000110001011000101
101111011100010001001000
110100111010110100111011
111111001100000010011001
110100111100110100111011
001101101101111011010001
110100111011001011000101
110101100011101101011111
001011000101110100111011
000011111100000100001011
110100111010110100111011
010011010001101100010010
001011000101001011000100
000011101001111000011101
001011000100001011000101
110100001110111100101000
001011000101110100111011
000100011000111111110100
001011000100110100111100
010101000000000011100101
001011000101001011000110
000111100101001110101100
110100111100001011000101
000010011000110100001100
001011000101001011000100
111101001110111111011101
001011000101001011000101
101111111100000011101000
001011000101110100111011
000000110101001000000001
001011000101110100111100
010001011011010100000100
110100111100001011000101
000010110011111011101011
001011000110001011000101
110100111011010000110111
110100111011110100111100
001100111110111010001100
001011000101001011000100
111000011010010000000111
110100111100110100111011
010001000010111001111110
001011000101001011000110
000100111000010000010111
110100111011001011000101
111111100110111010110111
001011000101001011000101
110100000001010010110100
110100111100110100111011
001110011100000110000010
110100111100001011000101
000011010011000000000010
110100111010001011000101
111111100010110011011001
001011000100001011000100
111100010111001011101010
110100111011001011000100
111000000011110110110111
001011000100001011000101
101011001000001110110111
110100111100110100111010
111100000000000001001110
110100111100110100111100
001011110000110011101111
001011000101001011000101
110101110010001100100111
110100111011110100111011
001101110011111110111110
110100111100001011000101
000001001001110001000011
001011000100001011000100
111011001111001000011110
110100111011001011000101
101110100110110010100011
001011000101110100111010
000110110000001000001111
110100111100001011000110
110001011111110000011000
001011000101110100111100
001000001000111100111111
001011000101001011000101
110010010001000010001000
001011000101110100111100
001000011011000111010110
001011000101001011000100
110001100101010100010011
110100111011110100111011
000000101001111101001010
001011000100110100111011
010000101110010100101100
110100111100001011000100
000010101010001000010011
110100111011001011000100
111011111100000011110111
110100111011001011000100
101110001001000000100010
110100111100110100111100
111110111000111101000111
110100111011110100111100
001111101110111000010001
110100111100001011000100
000010010111101010100001
001011000100001011000100
111101000110111001100100
001011000101001011000100
110111101110000000100111
001011000100001011000100
101010000011001101101101
110100111011110100111011
111010001110110101000111
001011000100110100111010
001001001110000011010101
001011000101001011000101
110010001000010010101110
110100111011110100111011
000111111011000011011010
110100111011001011000101
110001011100110101001101
001011000100110100111011
000111000000001101101001
110100111100001011000101
101111011011111111110001
110100111100110100111011
111101011000110001100111
001011000100110100111100
001011000101001000101100
110100111010001011000100
110010100000110001110001
001011000101110100111100
000000100010000000001011
001011000101110100111011
001111100110001110010101
110100111010001011000100
111111110011110110001010
001011000110001011000101
110000101110000100110110
001011000101110100111100
000111001101010100111100
110100111100001011000100
101111101101000111010111
110100111010110100111100
111100110111000010010010
110100111100110100111011
000011100101111110001010
110100111100110100111101
010001101111111000111101
110100111100001011000101
000001111000101010111010
001011000100001011000100
110011001001111001100100
001011000110110100111100
001010011110111111101010
001011000101001011000101
110101001001000101100101
001011000101110100111011
001100111100010011101010
110100111011001011000100
111111101110000011110101
110100111011001011000100
111000110101110101001101
001011000101001011000110
101010000110001100101011
110100111011110100111100
111000100111110111011111
001011000100110100111011
111111010101001111010011
110100111100110100111011
001100010101000001101000
110100111100001011000100
110100010010110100010000
001011000101110100111100
001001001111001101011110
110100111011001011000011
110001011100000000111111
110100111100110100111010
111111010111111010101110
110100111011110100111011
001101011001101100110111
001011000101001011000101
110110000001111101001100
001011000100110100111011
001100011100001101000010
110100111100001011000100
111101001011111101010000
110100111011001011000101
101100111011101101000000
001011000101110100111011
111010110100111010111101
001011000101110100111011
000001001100000001011000
001011000101110100111100
001110000000001110001011
110100111011001011000100
110101111011110101111001
001011000110110100111100
001011000100001010100100
110100111011001011000100
110100001000110010000110
001011000100110100111011
001001010010111110010100
001011000101001011000011
110001010000000011001011
001011000100110100111100
111110001000001000001000
001011000110110100111011
000100101010010100110100
110100111101110100111100
010010110110111101010100
001011000101001011000101
000011101001010100001110
110100111011001011000101
111011110100000110001001
110100111011001011000101
101100100011111000101110
001011000100110100111100
111010101000010010001100
110100111100110100111100
000000111000000110011111
110100111100110100111010
001101010000000010010000
110100111100001011000100
110011101011111110101000
110100111011110100111100
111111111111111001110011
110100111011110100111011
000110001101101100001001
001011000011110100111010
010100001001111011010111
001011000100001011000101
000100000111000010101101
001011000101001011000101
110101011001010000011000
110100111100110100111011
001101010110111001001010
001011000101001011000100
111110110100001111010100
110100111100001011000101
101111001111111001110011
001011000100110100111101
111110011000010001100110
110100111011110100111011
001100011101000100000001
110100111011001011000101
110011110110110110110100
001011000101110100111101
000001011111010000001100
110100111011110100111101
001111001010000011011010
110100111011001011000101
110110101110110110110111
001011000101110100111011
000101000111010001001000
110100111100110100111010
010100111110000110001110
110100111100001011000101
000111000011000011000001
110100111011001011000101
000001011100000000111011
110100111011001011000101
111011111100111111001001
110100111011001011000100
101110010100111101011100
110100111011110100111100
111110110011111011100100
110100111011110100111011
001110111011111001001110
110100111011001011000101
111111101100110101100010
110100111100001011000100
110000111110101001101110
001011000100110100111011
000111101001000001111010
110100111100001011000100
110000001110101011101010
001011000101110100111010
111101011000111010011100
001011000100110100111011
000011110010001000111000
110100111011110100111100
010000111000110001011011
001011000101001011000100
111001010100000110101001
110100111100110100111100
001111010011101110101111
001011000100001011000101
111001110010111011101100
001011000101110100111100
010001111011000010001100
001011000101001011000101
000101110001010000000110
110100111100001011000101
000001011101111111101011
110100111100001011000101
111110001001101111011110
001011000100001011000101
111010101001111110011111
001011000101001011000100
110101101011001100110100
110100111011001011000100
100111101010110101010011
001011000100110100111100
110110001111001010100111
110100111011110100111010
111100000110110011001001
001011000101110100111100
000001100111000001100101
001011000011110100111011
001111000101010000110001
110100111011001011000101
111110001010000000111001
110100111100001011000101
101101001101110001000110
001011000100110100111011
111010100110000000100000
001011000110110100111011
000000011010001111011010
110100111011110100111100
001100010011111000110101
001011000100001011000101
110010001001010000010101
110100111100110100111011
111101011101000011001111
110100111011110100111100
000001010100111100101101
110100111010110100111100
000100011000101110110010
001011000110110100111011
000111110001111111010010
001011000100110100111011
001100110001001111011111
110100111100110100111100
011010111100000000011101
110100111011001011000100
001100101111110010000001
001011000101001011000100
000111101110001001001011
110100111100001011000101
000100010001110010100111
001011000100001011000110
000001000101000001101101
001011000101001011000101
111101000011010001101001
110100111100001011000100
110001010100000010110100
110100111011110100111011
001010001101110101001010
001011000100001011000100
110110000000001110011101
110100111100110100111011
001110110110000010011110
110100111011001011000101
000010111110111101101001
110100111100001011000100
111110100100111000011011
110100111100001011000100
111010001100101010101100
001011000101001011000100
101110100001111010000111
001011000100110100111100
001000010000000001111110
001011000100001011000100
111011110100010001010000
110100111011001011000101
110101001000000011010000
110100111011001011000101
100110010001111101100100
110100111011110100111011
110100000111110111110111
110100111011110100111011
111000111000101001110010
001011000100110100111010
111100001000111001011001
001011000101110100111100
111111000011000111011010
110100111101110100111100
000010101111101110001110
001011000100110100111011
001101110111111010000010
001011000101001011000100
110011011010111110001101
001011000100110100111100
111110101110000001011011
001011000100110100111011
000011000000000100110110
001011000101110100111011
000111100100001001110000
001011000101110100111100
010011110110010111101010
110100111010001011000100
111011111110001000101111
110100111011110100111101
010010011000000001111000
110100111011001011000100
000011101101110100111011
001011000100001011000100
110101010000001101001011
110100111011110100111100
001100100000111000101011
001011000011001011000101
110110101100010001011001
110100111100110100111011
001100110111000101101100
110100111011001011000101
110110000011000001110010
110100111011110100111100
000101010001111110110111
110100111100110100111011
010101110000111011111001
110100111011001011000101
001000100011110111100110
110100111100001011000100
000100000011101010101110
001011000101001011000100
000000110110111011101110
001011000100001011000110
111101101000001100001100
110100111100001011000100
111001010001111101001011
110100111011001011000111
101100010001101110000100
001011000100110100111011
111101010010111110010111
001011000100110100111100
001101111001001110111110
110100111010001011000100
111111001101000001011010
110100111011001011000011
110001010111111011111010
110100111011110100111100
001001111000110110001111
110100111011001011000110
111011110001101000000011
001011000100001011000100
101100100111110110111010
001011000100110100111100
111100001111111110000010
001011000101110100111100
001010111111001100000100
110100111011001011000100
110100000001111011010111
110100111011110100111010
001010101001101010011001
001011000100001011000101
111011011001110111011100
001011000100001011000101
101010111101111100000001
001011000101110100111011
111000010011111111101001
001011000101110100111011
111101000100000100001011
001011000101110100111011
000000110001010001000100
110100111100110100111100
000101001101111111110110
110100111011110100111011
010001011011101110101110
001011000011001011000100
111001010100111011111100
001011000100110100111100
001111001000000001011110
001011000100001011000101
111100011100001010001100
000000000000000000000001
000000000101000100010010
000000000001000000000001
000000011111000010110010
000000000000000000000001
000000100011000010000010
111111111111000000000000
000000100011000001100101
000000000000000000000000
000000100001000001010010
111111111111111111111111
000000011111000001000010
000000000001111111111111
000000011110000000111001
000000000000111111111111
000000011101000000110000
000000000000000000000000
000000011011000000101001
000000000001000000000001
000000011001000000100101
111111111111000000000001
000000010111000000011111
000000000000000000000001
000000010101000000011011
000000000000111111111111
000000010110000000010111
000000000001000000000001
000000010100000000010101
000000000000000000000010
000000010010000000010011
000000000000000000000001
000000010001000000010001
000000000000000000000001
000000010000000000001111
111111111111000000000000
000000001111000000001100
000000000000000000000000
000000001111000000001011
111111111111000000000000
000000001111000000001001
000000000000000000000001
000000001110000000001000
111111111111000000000000
000000001101000000000111
000000000000000000000000
000000001101000000000111
111111111111111111111111
000000001101000000000101
111111111111000000000000
000000001101000000000011
000000000000000000000000
000000001101000000000011
000000000000111111111111
000000001101000000000011
000000000001000000000000
000000001101000000000010
000000000000000000000000
000000001100000000000010
000000000001000000000001
000000001011000000000011
111111111111000000000000
000000001100000000000000
000000000000000000000001
000000001011000000000000
000000000000000000000000
000000001100000000000000
000000000000000000000001
000000001010000000000000
000000000000111111111111
000000001011000000000000
000000000000000000000000
000000001010111111111111
111111111111111111111111
000000001011111111111110
111111111111000000000001
000000001010111111111101
000000000000000000000000
000000001010111111111110
000000000000111111111111
000000001011111111111101
000000000000000000000000
000000001010111111111101
000000000000000000000000
000000001010111111111110
000000000000000000000000
000000001010111111111101
111111111111000000000001
000000001001111111111101
111111111111000000000000
000000001010111111111100
000000000001000000000001
000000001001111111111101
111111111111000000000001
000000001001111111111100
111111111111000000000000
000000001010111111111100
111111111111000000000000
000000001010111111111011
000000000000000000000001
000000001001111111111100
000000000000000000000001
000000001001111111111100
000000000000000000000000
000000001000111111111011
000000000001000000000000
000000001001111111111100
111111111111000000000000
000000001010111111111011
000000000000000000000001
000000001001111111111011
000000000000000000000010
000000000111111111111011
111111111111000000000000
000000001000111111111010
000000000000111111111111
000000001000111111111010
000000000001111111111111
000000001001111111111011
000000000000000000000001
000000001000111111111011
000000000000000000000000
000000001000111111111010
000000000000000000000000
000000001000111111111011
000000000000111111111111
000000001001111111111010
000000000000111111111111
000000001010111111111010
000000000001000000000001
000000001000111111111011
111111111111000000000000
000000001001111111111010
000000000000000000000001
000000001000111111111010
000000000000000000000000
000000001000111111111010
000000000000111111111111
000000001001111111111010
000000000000000000000000
000000001000111111111010
000000000001000000000000
000000001001111111111011
000000000000000000000000
000000001000111111111010
000000000000000000000000
000000001001111111111010
000000000000000000000000
000000001001111111111010
000000000000000000000000
000000001000111111111010
000000000000000000000000
000000001001111111111011
111111111111000000000000
000000001001111111111010
111111111111000000000000
000000001001111111111010
111111111111000000000000
000000001001111111111001
000000000001000000000000
000000001001111111111010
000000000000000000000000
000000001001111111111010
000000000000000000000000
000000001001111111111010
000000000000000000000001
000000001001111111111010
111111111111000000000001
000000001000111111111001
000000000000000000000000
000000000111111111111001
000000000001111111111111
000000001001111111111010
000000000000111111111111
000000001001111111111010
000000000001000000000000
000000001001111111111010
000000000000000000000000
000000001000111111111010
000000000000111111111111
000000001010111111111001
000000000000000000000001
000000001000111111111001
000000000001111111111111
000000001001111111111010
000000000000111111111111
000000001001111111111001
000000000001000000000000
000000001001111111111010
000000000001000000000000
000000001001111111111011
000000000000000000000000
000000001001111111111011
111111111110000000000000
000000001001111111111001
111111111111111111111111
000000001010111111111001
111111111111000000000000
000000001001111111111001
000000000000000000000000
000000001001111111111001
000000000000000000000000
000000001001111111111001
000000000000111111111111
000000001010111111111010
000000000000000000000000
000000001001111111111010
111111111111000000000001
000000001001111111111001
111111111111111111111111
000000001010111111111001
000000000000000000000000
000000001001111111111001
000000000000111111111111
000000001010111111111001
111111111111000000000000
000000001011111111111001
000000000000000000000001
000000001001111111111001
000000000000000000000000
000000001001111111111010
000000000000111111111111
000000001010111111111001
111111111111000000000000
000000001010111111111001
111111111111000000000000
000000001010111111111000
111111111111000000000000
000000001010111111111000
000000000000000000000000
000000001010111111111001
000000000000000000000000
000000001010111111111000
000000000001000000000000
000000001010111111111001
000000000000000000000000
000000001010111111111001
111111111111000000000000
000000001010111111111001
000000000000111111111111
000000001011111111111000
000000000000000000000000
000000001010111111111001
