000000000001000000000000
111111110110000000001000
000000000000000000000000
111111110110000000001000
111111111111000000000001
111111110101000000000111
111111111111000000000000
111111110101000000000110
000000000000000000000000
111111110101000000000111
000000000001000000000000
111111110101000000001000
000000000000111111111111
111111110101000000001000
111111111111111111111111
111111110110000000000111
000000000001000000000001
111111110101000000001000
000000000000000000000001
111111110100000000001000
000000000000000000000000
111111110100000000001000
000000000000000000000000
111111110101000000001000
111111111111000000000001
111111110100000000001000
111111111111111111111111
111111110101000000000111
000000000000000000000000
111111110101000000000111
000000000000000000000000
111111110101000000001000
000000000000000000000000
111111110100000000000111
000000000000111111111111
111111110101000000001000
111111111111000000000000
111111110100000000000110
000000000001000000000000
111111110101000000001000
000000000000000000000000
111111110100000000001000
111111111111000000000000
111111110100000000000111
000000000001000000000000
111111110100000000001000
000000000000000000000000
111111110011000000001000
000000000001000000000000
111111110100000000001001
111111111111000000000000
111111110100000000000111
000000000001000000000000
111111110011000000001000
000000000000000000000000
111111110011000000001001
000000000000000000000000
111111110011000000000111
000000000001111111111111
111111110100000000001000
000000000001000000000000
111111110011000000001001
000000000000000000000000
111111110100000000001000
000000000001000000000000
111111110010000000001001
000000000000111111111111
111111110011000000001000
000000000000000000000000
111111110011000000001001
111111111111000000000001
111111110011000000001000
000000000000000000000001
111111110001000000001001
000000000000000000000000
111111110010000000001001
000000000000000000000000
111111110010000000001001
111111111111000000000000
111111110010000000001000
000000000000000000000001
111111110001000000001000
000000000001000000000000
111111110001000000001001
000000000000000000000000
111111110001000000001001
000000000001000000000000
111111110001000000001001
000000000000000000000000
111111110001000000001010
000000000000000000000000
111111110001000000001010
000000000000000000000000
111111110000000000001001
000000000000000000000000
111111110001000000001001
000000000000000000000000
111111110001000000001010
111111111111000000000000
111111110000000000001000
000000000001000000000001
111111110000000000001010
000000000000000000000000
111111110000000000001001
000000000000000000000001
111111101111000000001010
111111111111000000000000
111111101111000000001000
000000000001000000000000
111111101110000000001001
000000000000000000000000
111111101110000000001001
000000000001111111111111
111111101111000000001010
000000000001000000000000
111111101111000000001010
000000000000000000000000
111111101110000000001010
000000000000000000000000
111111101110000000001010
000000000000111111111111
111111101110000000001010
000000000000000000000000
111111101110000000001010
000000000000000000000010
111111101100000000001010
000000000000000000000000
111111101100000000001010
000000000001000000000000
111111101100000000001011
000000000001000000000000
111111101011000000001011
000000000000111111111111
111111101100000000001011
000000000000000000000000
111111101100000000001010
000000000000000000000001
111111101011000000001011
111111111111000000000000
111111101010000000001010
000000000001000000000000
111111101010000000001011
000000000000000000000000
111111101010000000001011
000000000001000000000000
111111101010000000001100
000000000000000000000001
111111101001000000001011
000000000000000000000000
111111101000000000001100
000000000000000000000000
111111101000000000001100
000000000000111111111111
111111101000000000001100
111111111111111111111111
111111101001000000001011
000000000000000000000001
111111100111000000001011
000000000001000000000000
111111100111000000001011
000000000001000000000000
111111100110000000001101
000000000000000000000000
111111100101000000001100
000000000000111111111111
111111100101000000001100
000000000000111111111111
111111100101000000001101
000000000000000000000000
111111100011000000001100
000000000001111111111111
111111100011000000001110
000000000000000000000000
111111100011000000001101
111111111111000000000000
111111100001000000001100
000000000001000000000000
111111100001000000001110
111111111111111111111111
111111100000000000001101
000000000000000000000000
111111011110000000001101
000000000000111111111111
111111011111000000001101
000000000000000000000001
111111011101000000001110
000000000000000000000000
111111011100000000001111
111111111111000000000000
111111011011000000001101
000000000000000000000000
111111011010000000001111
111111111111000000000000
111111011000000000001110
000000000000111111111111
111111011000000000001110
000000000000000000000000
111111010110000000001111
111111111111000000000000
111111010101000000001110
000000000000000000000000
111111010011000000010000
111111111111000000000000
111111010001000000001111
000000000000000000000000
111111001111000000010000
111111111111000000000000
111111001101000000010000
111111111111000000000000
111111001011000000001111
000000000000000000000000
111111001001000000010001
000000000000000000000001
111111000101000000010001
000000000000000000000001
111111000001000000010010
000000000000111111111111
111110111111000000010011
111111111111000000000000
111110111011000000010011
000000000001000000000000
111110110111000000010110
111111111110000000000000
111110110011000000010101
000000000000000000000000
111110101110000000011000
000000000000000000000001
111110100111000000011011
000000000000000000000001
111110100000000000011110
000000000000000000000000
111110011001000000100011
111111111111000000000001
111110001110000000101000
000000000001000000000000
111110000100000000110100
000000000001111111111111
111101111001000001000101
000000000000111111111111
111101101110000001100011
000000000001000000000000
111101110000000010101101
000000000000111111111111
000000101111000111111111
110100111011001011000101
101100011010111101110100
110100111010110100111100
111001010111110000001111
001011000101110100111011
111111000001000111110110
110100111101110100111011
001010110010110010001100
001011000101001011000101
110000011101001000011001
110100111100110100111011
111011100110110010000011
001011000100110100111011
111111010000000111100110
110100111011110100111100
000010001100101111111000
001011000101110100111011
000101111011111101100100
001011000100110100111010
010001001111001010110101
110100111010001011000101
110111010100110001010101
001011000101110100111011
000100001100111101001111
001011000101110100111011
010001011001000010000000
001011000100001011000110
111000100011000111001010
001011000011110100111100
000110101100010100110101
110100111010110100111100
010110010010000101010110
110100111011001011000101
001000001100111101010110
110100111100001011000101
000010011101101101111011
001011000100001011000101
111100110100111011101011
001011000100001011000101
101111000011000000111100
001011000101110100111011
111111011100000101111001
001011000101110100111100
001111011100010010000111
110100111010001011000101
000000000100111001000110
001011000011001011000101
110001001101000111001111
001011000100110100111011
000111101100010110111101
110100111100001011000101
101111111111001001000100
110100111100110100111011
111100101011000011101000
110100111011110100111011
000001111000111110011111
110100111010110100111100
000111010101110001111101
001011000101110100111011
010101010100001010000010
110100111011001011000100
000110001011110100101100
001011000110001011000100
111110101010001011010010
110100111011001011000101
101111111111110101010110
001011000101110100111011
111111100110001011100111
110100111011110100111100
001110001101110101011011
001011000100001011000101
110110111001001011010001
110100111100110100111010
001100100100110100000011
001011000101001011000100
110101111110000010011110
001011000101110100111011
001011011110010001000010
110100111011001011000101
110011101111111010010001
001011000011110100111011
000001000001010001011110
110100111011110100111100
001000000000000011011111
110100111011110100111011
010110111000110101110111
001011000100001011000101
001000101110001110101110
110100111011001011000100
000011001001000001001110
110100111100001011000100
111101110000110011100100
001011000100001011000101
110000010111001011011110
110100111011110100111100
000001010000110110011101
001011000101110100111011
010010000111001110001101
110100111100001011000100
000100100101000000000011
110100111011001011000101
111110011101110001000011
001011000101001011000101
110010000000000001000011
001011000100110100111100
001011000110010000011010
110100111100001011000101
111101010100111010010101
001011000101001011000100
101110011010010010011110
110100111100110100111100
111110010001000110010101
110100111011110100111100
001101010100000001110101
110100111011001011000101
110110101100111101100000
110100111100110100111011
001101110010110010000010
001011000100001011000100
111111010011001100000100
110100111011001011000100
110000001010000000000011
110100111011110100111011
000000010001111010000001
110100111011110100111011
010000100010101100001000
001011000100001011000101
000010010101111011100100
001011000101001011000101
111011001011000011100101
001011000101001011000101
101100011010010011000010
110100111100110100111011
111010110111000101010000
110100111110110100111011
000000111101111111111011
110100111011110100111101
000111001000111010100101
110100111011110100111100
010101111011101101000101
001011000101001011000101
001000000000111101100010
001011000101001011000101
000010111111001100111110
110100111011001011000101
111111001100110110101011
001011000100001011000101
111010110000001110001100
110100111010001011000110
101110101100000000010101
110100111010110100111101
000111001100110010101111
001011000101001011000101
110010011111001011100011
110100111011110100111100
001010100101111101101111
110100111100001011000101
111101011110101111000000
001011000100001011000011
110110100001111111010100
001011000100001011000100
100111100001001111101000
110100111011110100111100
110101010001000000111000
110100111100110100111100
111010000100110011000101
001011000101110100111100
111101011001001011111010
110100111011110100111011
000000100111111110011011
110100111011110100111011
000100111011110000111001
001011000101110100111010
010001101011001001100001
110100111011001011000100
000000010001111011010100
110100111100001011000100
101110110111101011110000
001011000101110100111100
111011100110111010000111
001011000100110100111011
111111111010000000110101
001011000101110100111100
000011000110001101110011
110100111011110100111100
000110011010110101001011
001011000101110100111100
001011000111000011100001
001011000101110100111101
011000100110010011001110
110100111011001011000100
001000101011000100111010
110100111011001011000110
111010011010111110000001
110100111100110100111100
010011010110110000000100
001011000101001011000110
000111000011000000100110
001011000101001011000101
000001100010010001000011
110100111011001011000011
110101110011000010011100
110100111011110100111100
010000000001110100111000
001011000100001011000100
000100110011001110001100
110100111011001011000101
000000111101000001111110
110100111011001011000100
111101110011111100010001
110100111011001011000100
111001110000101111110001
001011000101001011000101
101101111000001000000010
110100111100110100111100
000110010111110010111110
001011000100001011000100
110001010011001001110110
110100111100110100111100
001000000001110100011001
001011000101001011000101
110010001011001011010010
110100111101110100111011
001000010100110110010001
001011000101001011000100
110001011010001110101000
110100111100110100111011
000000010101000010011010
110100111100110100111011
010000001110111101100111
110100111101001011000101
000001111000111000100111
110100111011001011000011
111010101110101011010010
001011000101001011000100
101100000100111100000000
001011000100110100111011
111010110111001100001101
110100111011110100111100
000010001101111100110101
110100111100110100111100
010000101111101101000111
001011000101001011000100
000001001001111011110100
001011000101001011000110
110010101001000011011110
001011000100110100111011
001010110001010010110010
110100111100001011000101
111100001111000101000111
110100111011001011000101
101100011100000000001001
110100111100110100111011
111010101010111100010001
110100111101110100111100
000001010100110111100010
110100111011110100111011
001110011011101010010110
001011000101001011000100
110110101001111011001111
001011000101110100111011
001100001011001011111010
110100111010001011000100
110101110000111101110111
110100111011110100111100
001011110010110110110101
110100111011001011000101
110101101000101000010001
001011000100110100111011
001011111010110111100110
001011000101001011000100
110110001001000101011001
110100111100110100111011
001101011011101011111110
001011000101001011000101
111110111100110111100011
001011000100001011000101
101111101101111011011001
001011000100110100111011
111111101001111110001100
001011000101110100111011
001111100101000001000000
001011000101001011000101
000000010101000100110101
001011000101001011000011
110001110000010000010111
110100111011110100111100
001000110001110110110101
001011000100001011000100
110010000011000100100001
001011000100110100111011
000001000001010011101100
110100111100110100111100
010000110001000100111111
110100111100001011000100
000001101101111101110101
110100111100001011000100
110011101110110000001010
001011000100110100111100
001100011010000111000001
110100111011001011000100
111110111000101111100011
001011000100001011000100
110001011000111100100001
001011000100110100111010
001010001011000010100110
001011000101001011000101
111100011010001111001010
110100111100001011000101
101110001111110110001111
001011000100110100111011
000101001110000100010010
001011000100001011000100
101110000010010011101011
110100111101110100111011
111011011010000101000100
110100111011110100111100
000010001111111101101100
110100111011110100111100
010000100001101110111010
001011000100001011000100
000000110010111101101000
001011000011001011000101
110010010010000100110000
001011000100110100111100
001010011010010010100000
110100111011001011000101
111100000010111011110110
001011000100001011000100
101100101101010011101110
110100111011110100111011
111100010110000111100011
110100111100110100111100
001011110000000011011000
110100111011001011000110
111011100101000000001100
110100111011001011000100
101010111110111100011010
110100111011110100111011
111000011000110001010100
001011000100110100111011
111101100110001011110011
110100111011110100111100
000010110000000000100010
110100111100110100111100
010000000000111100011000
110100111011001011000100
111111001001110111111111
110100111100001011000100
101110100011101011111100
001011000101110100111100
111101001010000100010110
110100111011110100111011
001011000011101111001011
001011000100001011000100
110010111110000101110100
110100111100110100111011
000111100101101111111010
001011000100001011000101
101110111101000110000011
110100111011110100111100
111011000101101111101010
001011000100110100111100
000000010110000101001001
110100111011110100111011
001011111100101101001101
001011000100001011000110
110001100001111001111110
001011000100110100111010
111100101011111111111110
001011000101110100111101
000000011001001100101000
110100111011110100111011
000011100110110100010110
001011000100110100111100
000111111001001001001010
110100111010110100111011
010100110101110001000111
001011000101001011000101
000011111110111110110001
001011000101001011000100
110100001111001100010001
110100111100110100111100
001010001010110011011010
001011000101001011000101
110010001001000001000010
001011000100110100111011
111110110011001110111110
110100111100110100111011
000100101111110111100011
001011000101110100111100
010001010110001101011110
110100111011001011000100
111001001110110111110010
001011000100110100111100
001110011101001111101001
110100111011001011000011
110111110101000011000001
110100111100110100111100
001101101011111101111001
110100111100001011000101
110111100001111000101100
110100111011110100111100
001110010110101011101111
001011000100001011000100
111111010011000010110111
110100111011001011000100
101111001110101011010100
001011000100110100111011
111101010010110111101111
001011000101110100111011
000100000001111100001001
001011000101110100111011
010001110101111111011110
001011000101001011000101
000001000101000010111010
001011000101001011000101
110000001110000111110000
001011000100110100111011
111101100110010101100001
110100111011110100111101
000010110110000110011101
110100111011110100111100
001000001110111111011010
110100111100110100111100
010101110111110010010101
001011000011001011000100
000101101110001010111010
110100111011001011000101
110110110000111100101010
110100111101110100111100
001101110011101101010100
001011000101001011000100
111000000010111100101000
001011000101110100111100
001110100001001010110101
110100111011001011000101
111000111100110010010111
001011000101110100111100
010000100001000000010001
001011000101001011000110
000010100100001110011100
110100111010001011000101
110100110101110111010101
001011000100110100111011
001101011100001110001101
110100111101001011000101
111111011001111111110110
110100111011001011000100
110000010101110001101100
001011000101110100111010
000000001010001001110110
110100111100110100111100
001111001101111011001100
110100111011001011000100
111000101111101011000110
001011000101110100111011
010000010000111000101011
001011000110001011000100
000011000100111101110000
001011000100001011000101
111100011000000001110111
001011000101001011000101
101110001100000111000101
001011000101110100111100
111110000010010101001010
110100111011110100111010
001100110100000110011110
110100111010001011000101
110101011101000000010111
110100111100110100111011
001010110010111010011111
110100111011001011000101
110011000000101100011001
001011000100110100111100
000000001101111100001100
001011000101110100111100
000111000111001010110101
110100111011110100111011
010101110101110011010111
001011000101001011000101
000111010100001000100100
110100111011001011000101
000000100110110000101111
001011000011001011000100
110011100111111110011001
001011000100110100111011
001011101010001011110010
110100111011001011000100
110110101011110010100100
001011000101110100111100
001110011111111111000011
001011000101001011000101
000000100100000101010101
001011000100001011000011
110010100100010011001011
110100111100110100111100
001001111011000010110111
110100111011001011000110
110011011111110011000000
001011000101110100111100
000010110000000010110011
001011000101110100111100
010010111111010011000010
110100111011001011000101
000101000110000101000110
110100111011001011000100
111110101111111110101010
110100111011001011000100
110001111011110001111001
001011000100110100111011
001010000000001010001001
110100111011001011000100
110100110111110101011110
001011000101110100111011
001011110010001101111101
110100111011001011000100
110110101000000001101110
110100111011110100111011
001110101100111100111000
110100111010001011000100
000001110011110111111000
110100111100001011000101
111011010010101011001111
001011000101001011000101
101101000100000010110000
110100111011110100111011
111100010010101011110101
001011000101110100111100
000100000110111001111010
001011000100110100111010
010011010111000111010101
110100111011001011000100
000101010010101101110110
001011000100001011000100
111111000010111001100011
001011000101001011000101
110010101011111101110100
001011000100110100111011
001100010000000001011011
001011000100001011000101
111111111010000110010000
001011000100001011000101
111001101100010011111011
110100111011001011000101
101011110001000100101011
110100111011110100111011
111011110010111101010100
110100111011110100111011
001010100001101111101010
001011000101001011000100
110010100100000110111001
110100111100110100111011
000001000111110000110000
001011000100110100111100
010000101011000110010001
110100111011001011000100
000001100001101110011101
001011000101001011000100
110011011101111100000011
001011000100110100111011
001100000101001001010000
110100111011001011000101
111110011010101111110111
001011000101001011000100
110000101110111100101010
001011000100110100111100
001001001010001001001011
110100111100001011000100
111010110001101110111100
001011000100001011000101
101010111011111001110110
001011000100110100111011
111000110110111101000011
001011000101110100111100
111110011011111111001010
001011000110110100111011
000011111101000000111011
001011000100110100111101
010001100100000010101000
001011000011001011000101
000001000101000100011111
001011000100001011000101
110000111101000110110101
001011000101110100111100
000000001010001010100010
001011000101110100111011
001110111001010110010111
110100111011001011000100
111000001110111110001001
001011000100110100111010
001111101010010100011010
110100111011001011000101
000010100000000101101000
110100111100001011000101
111100000110110111001100
001011000100001011000100
101110111111001110101001
110100111010110100111011
000110100100111001011001
001011000110001011000100
110000100101010001010110
110100111011110100111011
000110000110000100010111
110100111100001011000100
101101111100111101111001
110100111011110100111011
111010000111101111111110
001011000101110100111011
111110011010000000011010
001011000101110100111011
000001101111010000101000
110100111011110100111100
000101001101000001100110
110100111100110100111010
001010001101110011010010
001011000101110100111100
011000001100001010110011
110100111011001011000100
001001101000110101011110
001011000100001011000100
000011110010001100111100
110100111100001011000101
111110001111111110100001
110100111100001011000101
110000110010101111010100
001011000100110100111100
000001101011111111001100
001011000101110100111011
010010101001001111000001
110100111010001011000110
000101001111111111100100
110100111011001011000100
111111011101110000101100
001011000100001011000110
110011100001000111010000
110100111101110100111011
001101101100101111110001
001011000101001011000101
000010011000111100111000
001011000101001011000110
111110100000000011011010
001011000100001011000100
111011011011010001010010
110100111011001011000100
111000000010000000110011
110100111100001011000100
110011000011110000100110
001011000100001011000101
100100110111111111101000
001011000101110100111011
110011000101001110000101
110100111100110100111100
111000000110110110111011
001011000101110100111100
111011100010001101100001
110100111011110100111100
111110101100111110011001
110100111011110100111011
000010101110101110011101
001011000100110100111001
001110011111111101010011
001011000101001011000101
110101100100001010111101
110100111100110100111011
001001110001110001101010
001011000100001011000100
110000111011111101101001
001011000100110100111011
111100110011000010011101
001011000101110100111011
000001001101000111101011
001011000100110100111011
000101100110010101011010
110100111100110100111100
010001010000000110000001
110100111100001011000101
110111011111111110001010
110100111011110100111100
000011111100101110110111
001011000100110100111011
001010100111111100110110
001011000101110100111100
011001011110000010100011
001011000110001011000101
001011101000001000010010
001011000101001011000101
000110110110010110010101
110100111100001011000101
000011100110000110101110
110100111100001011000100
000000101011111000101110
001011000101001011000100
111100111101010001111100
110100111100001011000100
110001110110000110000111
110100111100110100111100
001100010010000001111101
110100111011001011000101
000000111101111110101110
110100111010001011000100
111100101100111011010001
110100111011001011000110
111000000111110110011000
110100111011001011000101
101011110100101000011111
001011000100110100111101
000011101011110111011001
001011000110001011000101
101101001110111110010001
001011000100110100111011
111011111011001011001110
110100111100110100111100
001010010111110010111111
001011000100001011000110
110011000110000111011111
110100111011110100111011
001000111010101110101111
001011000101001011000101
110010101110111010011101
001011000101110100111100
001001100001111110011000
001011000101001011000101
111010010001000001010010
001011000101001011000101
101001110000000100010001
001011000101110100111011
110110111100001000100100
001011000100110100111011
111011011101010101011100
110100111100110100111011
111110101001000100011101
110100111100110100111011
000001110100110011111111
001011000110110100111011
000110001100000011000001
001011000101110100111010
010011001000010010001001
110100111011001011000101
000010000110000001110101
110100111100001011000101
110001011101110001010000
001011000100110100111011
000000000111111110110010
001011000100110100111100
001101111101000100010001
001011000110001011000101
110101011000001001111111
001011000100110100111011
000011011100011000001011
110100111011110100111011
010010100100001001010100
110100111011001011000101
000010111001000010001101
110100111011001011000101
110100000100110100001011
001011000101110100111011
001011000000000100111001
001011000101001011000100
110100010101010101111000
110100111100110100111011
000011100000001000110111
110100111011110100111011
010011110110000100010011
110100111011001011000101
000110011010000000101101
110100111100001011000101
000001100011111100001111
110100111100001011000101
111101101110101111011011
001011000101001011000101
111001001001000000110000
001011000110001011000110
101100101111010010000101
110100111011110100111011
000100101011000101000101
110100111010001011000101
101110101100000000000001
110100111100110100111011
000001011011111000011011
000000000000000000000001
000000101111000011101001
110100111011001011000100
101100000000111010111110
110100111011110100111011
111000111010101110001011
001011000100110100111011
111110100100000110001101
110100111101110100111011
001010010110110000110111
001011000100001011000100
110000000101000111010001
110100111100110100111100
111011001110110001000110
001011000101110100111011
111110111011000110110010
110100111011110100111100
000001111000101111001010
001011000101110100111011
000101101001111100111100
001011000101110100111011
010000111110001010010010
110100111100001011000100
110111000101110000110111
001011000100110100111011
000011111110111100110011
001011000110110100111100
010001001010000001101000
001011000100001011000011
111000011001000110110011
001011000100110100111100
000110100000010100100001
110100111011110100111100
010110000111000101000100
110100111100001011000100
001000000011111101000111
110100111011001011000101
000010010011101101101100
001011000100001011000100
111100101011111011011101
001011000101001011000101
101110111011000000101111
001011000110110100111010
111111010100000101101110
001011000101110100111100
001111010100010001111011
110100111100001011000100
111111111111111000111100
001011000101001011000100
110001001000000111000111
001011000101110100111100
000111100111010110110111
110100111100001011000101
101111111010001000111111
110100111100110100111100
111100100101000011100010
110100111011110100111011
000001110011111110011001
110100111011110100111011
000111010001110001111001
001011000011110100111100
010101001111001001111101
110100111100001011000100
000110000111110100101001
001011000101001011000101
111110100101001011001101
110100111011001011000101
101111111011110101010011
001011000100110100111100
111111100010001011100011
110100111011110100111011
001110001010110101011000
001011000101001011000101
110110110110001011001111
110100111100110100111011
001100011111110100000001
001011000101001011000101
110101111010000010011100
001011000101110100111011
001011011001010000111111
110100111100001011000011
110011101101111010001111
001011000101110100111100
000000111101010001011110
110100111100110100111011
000111111110000011011111
110100111011110100111011
010110110110110101110111
001011000100001011000100
001000101101001110101101
110100111100001011000101
000011000111000001001111
110100111011001011000101
111101101101110011100011
001011000101001011000101
110000010100001011011110
110100111100110100111011
000001001111110110011110
001011000100110100111100
010010000110001110001101
110100111100001011000101
000100100010000000000011
110100111011001011000101
111110011011110001000100
001011000101001011000101
110001111110000001000101
001011000100110100111011
001011000101010000011010
110100111011001011000101
111101010010111010010110
001011000101001011000100
101110011000010010011111
110100111010110100111011
111110010000000110010100
110100111011110100111011
001101010011000001110101
110100111011001011000101
110110101011111101100001
110100111011110100111100
001101110001110010000001
001011000101001011000100
111111010010001100000101
110100111011001011000100
110000001001000000000100
110100111011110100111010
000000010001111010000010
110100111100110100111011
010000100010101100001001
001011000100001011000100
000010010101111011100101
001011000101001011000100
111011001100000011100110
001011000101001011000101
101100011011010011000100
110100111100110100111101
111010110101000101010010
110100111011110100111100
000000111011111111111001
110100111100110100111100
000111000111111010100111
110100111011110100111011
010101111011101101000110
001011000101001011000101
001000000000111101100011
001011000101001011000101
000010111110001100111110
110100111100001011000101
111111001010110110101100
001011000101001011000011
111010110001001110001100
110100111100001011000100
101110101101000000010111
110100111011110100111100
000111001100110010110010
001011000100001011000101
110010100000001011100100
110100111011110100111100
001010100110111101110000
110100111100001011000100
111101100000101111000000
001011000101001011000100
110110100001111111010101
001011000101001011000100
100111100001001111101010
110100111010110100111100
110101010001000000111001
110100111100110100111011
111010000101110011000110
001011000100110100111011
111101011011001011111010
110100111100110100111010
000000101001111110011110
110100111010110100111011
000100111100110000111010
001011000101110100111100
010001101011001001100001
110100111100001011000100
000000010010111011010101
110100111100001011000100
101110111000101011110001
001011000110110100111100
111011100110111010001001
001011000101110100111011
111111111011000000111000
001011000100110100111100
000011000101001101110011
110100111011110100111011
000110011010110101001100
001011000101110100111011
001011001000000011100010
001011000101110100111011
011000101000010011001111
110100111100001011000101
001000101100000100111100
110100111100001011000100
111010011011111110000011
110100111100110100111011
010011011000110000000101
001011000101001011000101
000111000101000000100110
001011000101001011000101
000001100101010001000100
110100111011001011000101
110101110100000010011101
110100111100110100111100
010000000010110100111010
001011000100001011000101
000100110011001110001101
110100111100001011000101
000000111111000010000001
110100111011001011000101
111101110011111100010010
110100111011001011000011
111001110001101111110011
001011000101001011000101
101101111001001000000100
110100111011110100111011
000110011001110010111110
001011000110001011000101
110001010100001001111001
110100111011110100111011
001000000100110100011011
001011000100001011000110
110010001100001011010101
110100111010110100111011
001000010101110110010001
001011000101001011000100
110001011011001110101010
110100111011110100111100
000000010110000010011100
110100111010110100111011
010000010000111101100111
110100111100001011000100
000001111010111000100110
110100111100001011000100
111010101111101011010010
001011000110001011000101
101100000101111100000000
001011000101110100111100
111010110111001100001110
110100111100110100111011
000010001110111100110110
110100111011110100111100
010000110000101101001000
001011000101001011000100
000001001010111011110110
001011000100001011000101
110010101100000011011110
001011000101110100111100
001010110010010010110100
110100111011001011000100
111100010000000101000111
110100111011001011000101
101100011110000000001001
110100111100110100111100
111010101011111100010010
110100111100110100111011
000001010110110111100010
110100111010110100111011
001110011101101010010110
001011000101001011000100
110110101100111011010000
001011000100110100111100
001100001101001011111001
110100111011001011000110
110101110001111101110111
110100111100110100111011
001011110100110110110110
110100111011001011000101
110101101010101000010010
001011000101110100111011
001011111100110111100111
001011000100001011000100
110110001011000101011001
110100111100110100111100
001101011101101011111110
001011000100001011000101
111110111100110111100010
001011000110001011000100
101111101111111011011001
001011000101110100111011
111111101100111110001110
001011000101110100111010
001111101001000001000001
001011000110001011000110
000000010111000100110111
001011000100001011000101
110001110001010000010111
110100111010110100111011
001000110011110110110101
001011000100001011000101
110010000101000100100000
001011000101110100111100
000001000011010011101100
110100111100110100111011
010000110100000101000000
110100111011001011000101
000001101111111101110101
110100111011001011000100
110011101111110000001001
001011000101110100111010
001100011110000111000001
110100111100001011000100
111110111100101111100100
001011000100001011000101
110001011011111100100001
001011000100110100111100
001010001100000010100110
001011000101001011000101
111100011100001111001011
110100111100001011000101
101110010010110110010000
001011000100110100111100
000101010001000100010011
001011000100001011000110
101110000010010011101100
110100111100110100111011
111011011100000101000011
110100111011110100111100
000010010000111101101011
110100111010110100111011
010000100100101110111000
001011000110001011000101
000000110100111101100111
001011000100001011000101
110010010011000100101111
001011000101110100111011
001010011101010010100001
110100111011001011000101
111100000011111011110100
001011000101001011000100
101100101110010011101110
110100111011110100111100
111100010111000111100011
110100111100110100111011
001011110010000011011000
110100111011001011000100
111011101000000000001100
110100111011001011000100
101011000000111100011011
110100111011110100111010
111000011011110001010100
001011000100110100111011
111101101000001011110100
110100111011110100111100
000010110010000000100011
110100111011110100111011
010000000100111100011000
110100111100001011000101
111111001011110111111111
110100111011001011000100
101110100101101011111101
001011000100110100111011
111101001101000100010101
110100111010110100111011
001011000101101111001001
001011000101001011000100
110011000001000101110100
110100111011110100111100
000111100110101111111001
001011000100001011000101
101110111110000110000010
110100111011110100111010
111011001000101111101001
001011000101110100111011
000000011010000101001001
110100111011110100111011
001011111111101101001100
001011000100001011000101
110001100100111001111110
001011000100110100111011
111100101101111111111110
001011000110110100111011
000000011110001100101000
110100111100110100111100
000011101001110100010110
001011000101110100111100
000111111100001001001001
110100111100110100111011
010100111000110001001001
001011000100001011000101
000100000000111110110001
001011000100001011000100
110100010000001100010001
110100111011110100111010
001010001110110011011001
001011000101001011000101
110010001101000001000010
001011000100110100111011
111110110111001110111101
110100111100110100111100
000100110001110111100010
001011000101110100111011
010001011010001101011101
110100111011001011000101
111001010000110111110001
001011000100110100111011
001110100001001111101000
110100111011001011000100
110111111000000011000001
110100111011110100111011
001101101111111101111000
110100111011001011000100
110111100101111000101010
110100111011110100111100
001110011011101011101101
001011000101001011000101
111111010111000010110110
110100111100001011000101
101111010010101011010100
001011000100110100111100
111101010110110111101101
001011000101110100111100
000100000100111100001001
001011000101110100111100
010001110111111111011110
001011000100001011000100
000001001000000010111001
001011000101001011000100
110000010011000111101111
001011000100110100111100
111101101001010101100000
110100111100110100111100
000010111010000110011101
110100111011110100111100
001000010010111111011001
110100111100110100111100
010101111101110010010011
001011000100001011000101
000101110010001010111001
110100111100001011000110
110110110010111100101011
110100111011110100111011
001101110111101101010010
001011000101001011000100
111000000101111100100110
001011000101110100111011
001110100101001010110011
110100111100001011000101
111001000000110010010111
001011000100110100111011
010000100100000000001111
001011000100001011000101
000010100111001110011001
110100111100001011000011
110100111011110111010100
001011000110110100111100
001101100000001110001110
110100111011001011000100
111111011111111111110100
110100111011001011000101
110000011010110001101011
001011000110110100111100
000000001101001001110110
110100111011110100111011
001111010010111011001010
110100111011001011000101
111000110011101011000100
001011000100110100111100
010000010011111000101001
001011000110001011000100
000011001000111101101110
001011000100001011000101
111100011011000001110110
001011000100001011000011
101110010001000111000011
001011000100110100111011
111110001000010101000110
110100111100110100111100
001100110111000110011100
110100111010001011000100
110101100010000000010110
110100111011110100111011
001010110111111010011011
110100111011001011000101
110011000100101100010110
001011000110110100111100
000000010010111100001011
001011000101110100111100
000111001011001010110011
110100111011110100111010
010101111010110011010101
001011000101001011000100
000111011001001000100001
110100111100001011000101
000000101011110000101101
001011000100001011000101
110011101100111110011000
001011000100110100111100
001011101111001011110000
110100111100001011000100
110110110001110010100010
001011000100110100111101
001110100100111111000001
001011000100001011000110
000000101001000101010010
001011000101001011000101
110010100111010011001001
110100111011110100111011
001001111111000010110100
110100111100001011000101
110011100100110010111110
001011000101110100111100
000010110101000010110001
001011000101110100111011
010011000101010011000000
110100111011001011000101
000101001101000101000011
110100111011001011000101
111110110100111110101000
110100111011001011000100
110010000000110001110101
001011000101110100111100
001010000101001010000111
110100111010001011000100
110100111100110101011100
001011000101110100111100
001011111000001101111010
110100111100001011000101
110110101110000001101100
110100111011110100111101
001110110000111100110101
110100111100001011000101
000001111000110111111000
110100111010001011000101
111011010110101011001100
001011000011001011000100
101101001010000010101100
110100111011110100111011
111100010111101011110010
001011000101110100111011
000100001100111001110111
001011000100110100111011
010011011101000111010010
110100111100001011000100
000101011000101101110100
001011000100001011000100
111111000111111001100001
001011000100001011000110
110010110000111101101111
001011000100110100111100
001100010101000001011000
001011000100001011000100
000000000001000110001101
001011000101001011000101
111001110011010011110111
110100111101001011000110
101011110111000100101001
110100111100110100111011
111011111001111101010010
110100111011110100111011
001010100111101111100111
001011000100001011000101
110010101010000110110110
110100111011110100111100
000001001100110000101100
001011000100110100111011
010000110001000110001101
110100111100001011000100
000001101000101110011010
001011000101001011000101
110011100010111011111111
001011000101110100111011
001100001010001001001100
110100111011001011000011
111110100001101111110100
001011000101001011000011
110000110110111100100110
001011000101110100111100
001001010010001001001001
110100111011001011000101
111010111000101110111000
001011000100001011000110
101011000001111001110010
001011000100110100111011
111000111101111100111111
001011000101110100111011
111110100100111111000101
001011000101110100111011
000100000100000000110111
001011000101110100111100
010001101011000010100100
001011000101001011000100
000001001101000100011100
001011000101001011000101
110001000100000110110010
001011000101110100111011
000000010100001010011110
001011000101110100111011
001111000010010110010010
110100111100001011000101
111000010111111110000110
001011000100110100111100
001111110010010100010110
110100111011001011000110
000010101000000101100100
110100111100001011000101
111100001110110111001000
001011000101001011000100
101111001000001110100101
110100111011110100111100
000110101100111001010111
001011000100001011000100
110000101101010001010001
110100111100110100111011
000110001111000100010100
110100111011001011000100
101110000101111101110100
110100111011110100111011
111010001111101111111010
001011000100110100111011
111110100011000000010101
001011000100110100111011
000001110111010000100010
110100111100110100111011
000101010111000001100001
110100111011110100111100
001010010101110011001100
001011000100110100111100
011000010110001010101101
110100111100001011000100
001001110001110101011000
001011000101001011000110
000011111010001100110111
110100111011001011000100
111110011001111110011011
110100111101001011000101
110000111011101111001111
001011000101110100111011
000001110110111111000111
001011000100110100111011
010010110011001110111010
110100111100001011000101
000101011011111111100000
110100111010001011000101
111111100110110000100110
001011000101001011000100
110011101101000111001011
110100111100110100111011
001101110111101111101011
001011000100001011000101
000010100011111100110001
001011000101001011000100
111110101100000011010011
001011000110001011000100
111011101000010001001110
110100111010001011000100
111000001111000000101110
110100111100001011000101
110011001111110000100001
001011000100001011000100
100101000100111111100010
001011000101110100111100
110011010001001101111111
110100111011110100111100
111000010010110110110101
001011000100110100111011
111011110000001101011001
110100111100110100111010
111110111100111110010011
110100111011110100111100
000010111110101110010111
001011000101110100111100
001110101011111101001100
001011000101001011000101
110101110010001010110111
110100111100110100111011
001010000000110001100011
001011000100001011000101
110001001010111101100010
001011000101110100111100
111101000010000010010111
001011000101110100111100
000001011100000111100101
001011000100110100111100
000101110100010101010100
110100111010110100111100
010001011110000101111001
110100111100001011000100
110111101111111110000010
110100111011110100111100
000100001100101110110000
001011000100110100111011
001010111000111100110000
001011000101110100111011
011001101111000010011100
001011000101001011000101
001011111001001000001001
001011000101001011000100
000111001000010110001110
110100111100001011000101
000011111000000110100111
110100111100001011000100
000000111101111000100110
001011000100001011000100
111101010001010001110010
110100111100001011000101
110010001001000101111111
110100111011110100111100
001100100110000001110011
110100111100001011000100
000001010011111110100101
110100111100001011000101
111101000000111011001010
110100111011001011000101
111000011100110110010000
110100111011001011000100
101100001010101000010111
001011000101110100111100
000100000010110111010001
001011000101001011000011
101101101000111110001000
001011000100110100111100
111100010011001011000101
110100111100110100111100
001010110000110010110101
001011000100001011000101
110011100000000111010101
110100111100110100111100
001001010100101110100111
001011000100001011000101
110011001001111010010100
001011000101110100111010
001001111101111110001110
001011000101001011000100
111010101111000001001001
001011000100001011000100
101010010000000100000111
001011000101110100111011
110111011101001000011010
001011000100110100111100
111011111101010101010010
110100111011110100111100
111111001010000100010010
110100111100110100111010
000010011000110011110100
001011000100110100111100
000110101111000010110101
001011000101110100111010
010011101111010001111011
110100111100001011000101
000010101110000001101001
110100111100001011000101
110010000111110001000010
001011000110110100111100
000000110011111110100110
001011000101110100111101
001110101001000100000110
001011000101001011000100
110110000111001001110001
001011000101110100111010
000100001111010111111101
110100111011110100111100
010011011000001001000110
110100111100001011000100
000011110001000001111110
110100111011001011000100
110101000000110011111100
001011000101110100111011
001011111111000100101001
001011000101001011000110
110101010111010101100111
110100111100110100111011
000100100111001000100100
110100111100110100111011
010101000010000100000000
110100111011001011000101
000111101101000000010111
110100111011001011000101
000010111100111011110101
110100111011001011000101
111111001111101110111100
001011000100001011000100
111010110100000000001010
001011000101001011000101
101110100101010001010011
110100111101110100111011
000110101100000100000100
110100111100001011000100
110000111000111110100010
110100111100110100111100
000011100100110101110100
000000000000111111111111
111111111011111011101111
111111111111111111111111
111111100001111101001110
000000000000111111111111
111111011101111101111110
000000000000000000000000
111111011101111110011011
000000000000000000000000
111111011111111110101110
000000000001000000000000
111111100001111110111110
111111111111000000000001
111111100010111111000111
000000000000000000000001
111111100100111111010000
000000000000000000000000
111111100110111111010111
111111111111111111111111
111111101000111111011011
000000000000000000000000
111111101001111111100001
000000000000111111111111
111111101100111111100101
000000000000000000000001
111111101011111111101001
111111111111111111111111
111111101100111111101011
000000000000111111111111
111111101110111111101101
000000000000111111111111
111111110000111111110000
000000000000000000000000
111111110000111111110001
000000000001000000000000
111111110000111111110100
000000000000000000000000
111111110001111111110101
000000000000000000000000
111111110001111111110111
000000000000111111111111
111111110010111111110111
000000000001000000000000
111111110010111111111001
000000000000000000000000
111111110011111111111001
000000000001000000000001
111111110011111111111011
000000000001000000000001
111111110011111111111101
000000000000000000000000
111111110011111111111101
000000000000000000000001
111111110011111111111101
111111111111000000000000
111111110011111111111101
000000000000000000000000
111111110100111111111110
111111111111111111111111
111111110101111111111101
000000000010000000000000
111111110100000000000000
000000000000111111111111
111111110101000000000000
000000000000000000000000
111111110100000000000000
000000000000111111111111
111111110110000000000000
000000000000000000000001
111111110101000000000000
000000000000000000000000
111111110110000000000001
000000000001000000000001
111111110101000000000010
000000000001111111111111
111111110110000000000011
000000000000000000000000
111111110110000000000010
000000000000000000000001
111111110101000000000011
000000000000000000000000
111111110110000000000011
000000000000000000000000
111111110110000000000010
000000000001000000000000
111111110101000000000011
000000000001111111111111
111111110111000000000100
000000000000000000000000
111111110110000000000100
111111111111111111111111
111111110111000000000011
000000000001111111111111
111111110111000000000100
000000000001000000000000
111111110111000000000101
000000000001000000000000
111111110111000000000101
111111111111111111111111
111111110111000000000100
000000000000111111111111
111111110111000000000101
000000000000000000000000
111111111000000000000101
111111111111000000000000
111111110111000000000100
000000000001000000000000
111111110110000000000101
000000000000111111111111
111111110111000000000101
000000000000111111111110
111111111001000000000101
000000000001000000000000
111111111000000000000101
000000000000000000000000
111111111000000000000110
111111111111000000000001
111111110111000000000101
000000000000111111111111
111111111000000000000101
000000000000000000000000
111111111000000000000110
000000000000000000000000
111111111000000000000101
000000000000000000000001
111111110111000000000110
000000000000000000000001
111111110110000000000110
111111111111111111111111
111111111000000000000101
000000000000000000000000
111111111000000000000110
000000000000000000000000
111111111000000000000110
000000000000000000000001
111111111000000000000110
000000000000000000000001
111111110111000000000110
111111111111000000000000
111111111000000000000110
111111111111000000000001
111111110111000000000101
000000000000000000000000
111111110111000000000110
000000000000000000000000
111111110111000000000110
111111111111000000000000
111111110111000000000101
000000000000111111111111
111111111000000000000110
111111111111000000000000
111111110111000000000101
000000000001000000000000
111111110111000000000110
000000000001000000000000
111111110111000000000110
000000000000111111111111
111111111000000000000111
111111111111000000000000
111111110111000000000110
000000000000000000000000
111111111000000000000110
000000000000000000000000
111111110111000000000110
000000000000111111111111
111111110111000000000110
000000000001111111111111
111111111000000000000111
000000000000000000000000
111111111001000000000111
111111111111000000000001
111111110111000000000110
000000000000000000000001
111111110111000000000111
111111111111000000000000
111111110111000000000110
000000000000000000000000
111111111000000000000110
000000000000000000000001
111111110110000000000111
000000000000111111111111
111111111000000000000111
111111111111000000000001
111111110111000000000110
000000000001000000000000
111111110111000000000111
111111111111000000000000
111111110111000000000110
111111111111000000000000
111111110111000000000101
000000000000000000000000
111111110111000000000101
000000000001000000000000
111111110111000000000111
000000000001000000000001
111111110110000000000111
000000000001000000000000
111111110111000000000111
000000000000000000000000
111111110111000000000111
000000000000000000000000
111111110111000000000110
000000000000000000000001
111111110110000000000110
000000000000000000000000
111111110110000000000110
000000000001111111111111
111111111000000000000111
000000000001000000000001
111111110111000000000111
000000000000000000000000
111111110111000000000111
000000000000000000000001
111111110110000000000111
000000000000000000000000
111111110110000000000111
000000000000111111111111
111111110111000000000111
000000000000000000000000
111111110111000000000110
000000000000000000000001
111111110110000000000111
000000000001000000000000
111111110110000000000111
000000000001000000000000
111111110110000000001000
000000000001000000000000
111111110110000000001000
111111111111000000000000
111111110111000000000111
000000000000000000000000
111111110110000000001000
111111111111000000000000
111111110110000000000111
000000000000000000000000
111111110111000000000111
000000000001000000000001
111111110110000000000111
000000000000000000000001
111111110101000000001000
000000000000000000000000
111111110110000000000111
